775
696
673
696
627
619
616
621
635
623
621
621
620
620
620
620
626
622
621
619
617
617
616
614
614
710
648
685
609
609
607
607
608
607
607
611
686
607
607
607
608
666
650
679
667
653
676
667
650
679
614
606
678
667
607
608
607
607
665
654
677
667
650
662
615
607
598
606
607
606
608
609
606
608
607
609
615
608
608
608
607
607
607
664
679
607
623
608
609
607
607
606
606
615
608
606
604
679
606
615
607
614
607
606
608
607
613
608
607
607
679
608
612
615
613
612
612
612
609
613
611
732
611
611
611
611
612
617
610
610
642
682
616
610
610
609
610
612
610
584
583
608
606
582
588
610
600
639
651
602
607
598
590
606
610
610
610
610
610
610
610
610
610
610
633
613
610
610
610
642
681
610
610
610
610
610
610
592
615
611
611
609
611
594
597
610
610
613
616
600
607
593
606
610
611
609
610
620
609
688
650
684
599
606
608
610
609
610
609
611
606
599
610
610
610
610
610
611
610
610
683
611
610
673
650
678
609
611
610
684
714
713
638
601
611
624
611
611
611
609
707
610
611
611
610
609
610
588
692
753
752
754
731
655
651
626
612
606
607
606
608
590
620
607
605
607
608
608
612
609
606
606
607
590
607
607
607
607
607
607
614
607
606
607
657
676
608
608
607
593
678
665
608
607
607
607
607
610
679
666
608
607
607
607
608
613
609
731
608
607
606
607
607
610
678
666
607
623
615
609
594
599
607
607
622
608
607
607
607
608
608
622
609
607
608
607
607
606
607
608
607
742
608
604
609
608
607
607
607
740
608
608
609
607
607
606
614
608
609
608
607
609
686
609
603
608
607
608
608
608
606
607
607
607
607
698
607
608
606
606
607
607
613
606
609
607
607
607
693
608
609
607
606
607
607
607
593
608
607
607
606
710
610
702
694
645
685
658
706
621
605
605
596
605
606
607
606
605
605
605
712
621
607
606
617
677
605
608
605
605
607
605
676
684
588
604
605
614
677
605
584
605
606
605
605
603
676
608
605
604
605
605
605
606
605
606
605
699
692
723
613
605
606
604
605
604
604
606
606
667
681
603
607
606
606
605
591
603
605
605
606
606
663
679
666
592
606
605
606
605
631
676
605
605
605
604
677
666
606
609
605
605
605
617
676
608
606
605
605
611
606
606
605
605
605
605
604
605
606
605
605
604
604
605
609
609
605
605
705
605
605
604
605
604
626
681
605
601
606
605
604
605
605
604
594
605
606
604
604
605
610
606
606
606
605
605
605
611
605
721
694
718
601
609
605
604
603
604
603
604
604
590
663
722
605
601
611
606
607
605
605
605
605
606
606
606
611
605
744
606
605
605
606
606
605
584
585
609
612
602
650
671
631
619
588
590
583
587
603
595
604
607
607
605
604
606
605
728
606
609
605
605
605
606
607
604
605
606
606
604
592
608
604
605
606
608
605
612
634
712
606
605
605
605
605
724
609
601
607
605
606
605
604
604
604
608
605
604
721
604
605
607
611
606
605
607
670
603
606
605
604
605
605
605
606
605
604
605
606
607
607
605
604
605
603
638
676
606
616
675
604
609
609
605
591
606
604
605
604
608
605
605
605
607
606
677
606
605
605
606
612
602
603
609
604
604
604
601
602
603
606
604
605
603
603
604
607
602
605
605
606
605
606
605
604
605
605
606
604
610
602
606
605
605
605
606
606
606
605
665
693
604
605
606
619
603
591
608
606
605
606
606
605
605
689
607
606
605
605
605
614
676
605
605
605
605
606
736
615
605
606
604
605
605
603
606
595
677
605
604
611
604
604
604
604
605
604
604
604
654
674
605
606
605
589
617
669
664
595
597
604
616
621
608
578
612
606
606
606
606
607
606
605
605
605
605
606
605
605
605
606
606
605
605
735
604
605
605
606
605
606
612
605
605
605
606
605
715
606
605
605
606
605
606
606
606
606
605
605
605
718
605
605
605
606
604
609
606
586
605
606
747
585
604
603
592
606
605
605
605
606
604
606
606
604
606
744
605
602
605
604
605
610
605
754
608
605
604
605
604
605
605
604
605
604
605
605
606
607
605
605
604
604
605
604
601
609
610
605
604
606
607
606
605
606
604
604
606
701
713
638
603
593
632
603
615
604
607
606
606
606
616
607
612
607
606
605
591
607
605
606
606
615
678
592
606
606
612
679
665
606
606
606
606
606
606
606
605
598
671
724
607
603
612
606
606
606
605
606
606
606
606
607
606
606
735
606
607
607
606
607
606
606
605
613
607
616
614
603
611
