996
3604
719
692
673
619
648
570
574
584
588
584
583
590
584
593
603
583
583
645
639
657
579
578
578
585
579
586
573
570
572
589
572
571
572
556
576
577
567
571
570
573
572
572
571
572
572
572
636
571
578
572
572
699
572
598
571
571
571
571
572
620
642
564
575
573
571
572
572
572
572
571
572
627
641
583
580
573
614
747
677
677
577
567
571
592
590
583
571
571
570
571
572
571
569
570
573
705
554
639
571
578
572
629
623
602
568
536
565
595
559
555
567
537
558
552
552
572
539
570
573
571
571
657
571
571
572
577
703
570
555
570
571
571
572
570
571
571
574
571
571
570
571
558
643
570
571
570
632
647
587
560
579
571
571
571
571
685
557
570
571
571
571
571
573
571
570
571
571
571
572
571
571
571
570
572
571
554
580
571
558
572
571
571
571
572
572
592
574
573
573
572
572
572
573
572
572
572
558
572
572
573
572
585
572
572
571
572
680
698
587
572
572
614
674
601
586
586
584
575
628
644
702
602
677
576
571
572
636
659
567
572
571
571
571
570
571
695
602
678
571
571
570
556
640
571
572
576
570
571
571
571
572
571
653
643
644
701
569
711
571
571
570
572
571
571
571
711
571
560
570
571
579
572
571
595
674
622
570
570
613
643
702
572
570
570
571
570
572
571
644
644
703
582
689
626
591
690
571
559
572
571
571
619
640
708
571
571
571
571
571
571
572
571
570
571
571
698
601
678
717
572
571
571
571
708
571
568
572
571
572
577
571
574
571
570
570
698
572
571
572
571
707
570
570
571
573
571
572
571
572
572
571
571
699
571
577
571
573
703
571
572
571
571
707
570
554
559
571
556
571
572
571
629
622
606
558
569
590
555
579
572
575
571
571
570
570
571
634
572
570
606
642
702
571
571
576
571
704
570
562
571
570
718
572
571
570
577
571
570
571
570
571
698
571
570
571
570
570
571
715
571
570
571
571
710
571
561
571
571
572
571
572
579
572
571
572
570
570
572
631
649
569
569
571
571
571
571
570
572
571
571
571
571
571
572
571
571
578
571
570
570
571
684
571
572
572
571
572
588
658
571
570
643
571
586
571
571
571
571
650
581
697
572
598
655
571
572
646
571
556
550
572
569
568
552
540
536
572
552
570
549
566
559
556
592
649
563
567
579
572
572
571
566
570
572
558
573
574
574
571
571
570
656
573
571
571
570
571
572
572
632
648
569
572
577
572
571
571
570
572
571
571
577
608
573
555
571
573
574
572
620
615
616
573
571
589
587
593
568
581
574
572
573
573
576
573
628
645
572
573
571
572
572
572
572
688
573
574
572
573
572
573
573
572
579
579
572
573
572
572
573
612
869
815
666
604
660
622
584
576
571
571
573
693
571
570
571
571
571
590
637
571
570
664
570
570
570
572
571
570
571
635
653
571
575
570
632
647
558
576
572
570
571
571
573
704
578
574
571
571
699
554
641
701
571
570
570
569
569
570
673
574
703
569
570
570
561
643
696
570
570
576
570
569
570
670
554
640
697
569
568
572
570
570
570
677
555
641
693
570
570
570
569
570
568
681
583
694
570
570
571
560
640
691
570
570
570
572
570
571
679
555
640
689
575
571
570
570
570
570
682
550
593
580
561
566
571
570
570
569
571
569
702
554
637
570
570
570
570
570
601
642
571
570
570
570
570
571
577
569
570
571
571
570
570
570
571
571
570
570
570
571
569
554
570
570
617
672
706
571
571
571
570
715
573
572
566
567
570
570
570
569
574
570
570
569
570
569
559
710
570
569
569
567
641
570
579
558
572
575
570
570
571
581
569
627
643
569
570
660
571
570
569
569
715
570
571
570
570
569
569
570
557
642
576
569
652
555
641
570
580
570
631
644
571
571
655
555
641
570
570
570
631
652
569
564
580
570
571
570
561
571
570
570
643
644
577
570
570
571
570
592
642
571
570
570
572
571
570
570
700
571
569
571
571
715
570
567
569
569
570
570
570
571
617
667
694
550
565
569
552
576
570
571
570
571
571
551
578
569
549
552
557
620
667
567
591
574
559
528
570
572
571
571
621
641
571
583
660
571
570
571
571
571
571
560
577
571
639
568
689
571
579
571
571
571
571
571
576
572
571
557
651
571
571
553
576
572
594
643
572
571
657
575
567
573
571
571
571
572
632
651
569
568
571
571
572
571
571
571
582
649
571
570
652
571
571
578
571
695
571
557
573
571
571
572
571
570
571
623
641
571
571
576
571
572
572
571
573
572
571
623
640
576
571
571
631
765
712
