843
769
732
666
646
658
626
656
748
604
613
628
632
631
628
618
626
619
619
619
616
621
617
617
617
623
613
613
614
614
613
593
610
607
608
632
615
604
593
597
587
606
607
607
607
606
609
591
606
606
613
606
608
608
612
608
607
593
605
606
635
710
711
654
605
660
689
663
714
624
616
706
640
611
612
594
613
612
610
627
611
602
612
610
612
626
611
610
666
681
664
609
610
611
611
610
621
733
610
577
595
587
594
613
612
611
610
610
611
683
681
621
617
610
610
610
610
627
610
610
670
687
608
606
611
611
611
617
609
610
611
611
610
670
689
607
598
610
611
610
609
664
677
613
610
609
610
661
678
597
610
609
615
611
605
652
661
712
696
628
600
612
704
705
713
625
614
612
627
643
629
601
608
606
598
608
727
607
613
676
607
608
607
608
607
608
607
608
591
607
607
605
607
610
608
608
607
607
606
605
660
605
602
612
661
621
627
616
603
608
606
607
599
608
605
606
631
679
605
606
607
607
606
729
606
606
607
607
606
614
606
738
615
607
606
607
607
737
611
602
606
608
607
607
607
609
606
607
677
680
607
612
677
655
615
607
606
607
607
616
678
605
606
606
606
606
606
666
686
603
606
607
607
607
619
606
605
620
608
606
614
678
666
599
607
606
606
608
619
678
607
608
607
606
608
725
607
607
606
606
607
612
678
607
606
612
607
608
720
606
608
607
627
677
607
607
608
607
608
607
608
607
606
607
607
628
678
673
613
609
606
613
607
593
677
608
607
607
607
608
606
667
680
606
607
606
607
606
608
606
661
811
887
709
638
723
751
752
649
582
616
621
624
606
601
606
610
606
605
605
598
673
600
606
606
608
677
604
600
608
607
605
821
607
600
605
605
605
605
605
674
604
605
604
605
606
620
675
605
605
604
605
606
730
618
605
607
627
676
604
609
609
605
605
729
606
605
606
606
605
605
606
751
605
606
605
604
605
605
604
607
605
605
610
605
605
606
596
598
609
601
604
605
614
621
606
607
606
606
605
607
606
606
607
627
677
609
607
613
602
726
606
607
606
605
606
668
654
676
625
625
611
611
610
609
612
594
609
613
612
608
610
610
610
615
609
610
612
620
609
610
610
609
609
609
610
608
609
609
609
664
616
610
610
608
610
611
611
610
629
589
593
589
604
603
590
597
584
621
611
612
608
608
608
608
609
608
594
608
609
609
609
609
609
615
614
611
609
609
608
614
710
710
622
606
610
610
609
609
618
610
609
609
615
610
610
610
610
669
713
612
607
610
610
608
609
610
609
609
610
608
609
609
618
609
609
610
609
610
613
609
694
609
609
608
610
619
673
690
602
598
609
610
609
608
669
682
597
599
610
609
610
609
671
688
613
597
679
665
609
587
612
610
609
609
609
740
610
609
610
610
609
594
679
610
607
677
610
610
610
617
609
610
641
680
610
598
620
682
681
595
596
609
610
609
609
670
686
602
615
610
610
610
607
594
609
610
609
608
608
608
743
613
605
608
610
606
610
610
613
610
609
610
609
610
640
609
610
609
609
610
609
609
610
610
609
611
610
615
611
608
609
609
609
610
610
609
611
610
609
611
669
684
604
598
609
610
610
612
608
609
609
610
615
617
610
610
610
609
610
608
609
609
609
609
609
609
609
610
610
610
610
611
609
717
609
596
606
609
615
617
610
609
665
678
664
610
609
609
609
753
609
588
606
609
609
610
609
610
610
596
606
610
610
616
611
610
610
609
609
609
606
604
605
605
605
606
606
605
605
604
606
605
605
609
626
626
630
638
642
640
625
632
620
630
633
634
633
631
632
635
630
613
630
635
631
628
618
612
610
611
575
614
613
610
610
606
611
608
609
608
608
609
610
607
667
647
620
606
655
691
610
610
611
609
609
609
609
632
678
611
615
609
596
609
715
610
587
606
610
610
609
608
745
610
588
606
610
610
610
609
608
609
615
610
617
610
610
610
610
609
610
609
610
610
613
612
610
609
610
612
611
611
610
610
609
610
610
593
610
610
609
616
610
609
599
612
610
665
681
665
609
610
609
608
609
609
609
610
608
608
609
608
669
609
610
609
615
725
609
588
605
609
610
609
609
670
619
610
608
610
677
609
609
609
610
610
610
610
610
611
610
748
615
596
605
611
610
611
610
610
609
610
593
611
610
611
597
605
610
609
610
610
711
651
680
665
650
684
758
652
681
610
611
610
610
610
610
610
611
609
609
610
610
609
615
610
611
599
610
610
617
610
610
654
679
609
611
612
610
