665
669
647
756
731
740
673
654
621
617
614
579
597
599
598
597
599
598
635
669
597
597
598
597
595
600
592
593
591
589
565
565
585
582
582
586
583
563
584
586
585
587
586
585
585
586
586
585
585
585
591
590
586
586
585
587
706
586
583
587
587
588
584
583
565
585
582
587
585
586
587
583
583
586
585
586
590
586
648
687
694
661
587
592
724
658
663
675
592
587
598
594
594
585
572
587
574
580
597
592
585
602
595
597
584
587
586
587
591
594
591
594
594
588
573
581
575
588
580
589
572
590
569
604
593
587
591
585
609
645
584
591
594
588
587
587
587
594
589
583
588
588
587
587
597
588
712
587
588
586
576
596
605
578
583
583
588
593
590
588
583
591
588
592
551
565
584
565
589
590
588
587
588
589
586
587
658
661
601
588
587
727
590
592
588
589
588
588
589
587
587
574
591
693
660
661
676
667
753
653
649
619
645
610
598
588
588
589
589
591
584
588
572
584
568
577
581
586
586
585
585
585
586
584
637
636
614
660
619
573
586
574
595
573
588
582
569
592
592
590
569
585
590
591
590
588
584
579
586
588
589
582
589
589
590
594
588
589
592
592
592
572
586
590
596
842
814
661
776
705
719
734
627
570
585
588
588
586
588
587
593
588
572
659
588
588
588
614
697
589
588
588
587
659
676
649
669
586
587
588
589
588
590
588
588
594
589
588
588
697
588
587
587
588
591
584
584
589
589
679
694
702
609
584
577
606
606
587
585
588
574
597
590
588
589
580
592
587
586
584
584
584
589
590
588
589
589
593
589
594
574
589
568
589
587
586
603
587
583
578
589
589
587
587
631
592
570
584
584
576
588
590
590
587
590
579
591
567
570
578
586
589
596
597
590
588
588
588
588
589
590
589
593
596
589
588
587
591
573
589
583
583
569
569
584
589
588
595
589
575
590
589
589
625
660
678
589
585
584
584
574
593
593
604
595
659
637
589
572
593
591
581
584
594
588
604
595
593
570
589
589
588
588
600
589
589
589
587
635
695
719
632
593
574
574
586
572
651
665
635
569
592
587
573
586
586
567
584
584
584
604
569
586
580
584
584
580
585
590
589
589
589
673
596
596
590
591
590
589
583
589
589
589
573
565
586
574
589
591
589
589
585
585
590
593
590
589
640
589
590
596
589
588
593
583
583
584
591
590
588
588
588
588
560
589
588
565
585
583
583
584
591
583
587
586
582
585
586
590
588
588
588
588
592
592
551
584
584
591
588
589
587
587
588
589
588
591
590
586
587
597
591
591
580
584
596
611
655
640
663
686
659
590
592
605
589
588
588
590
638
681
606
606
644
591
589
596
586
585
583
585
610
589
587
570
586
713
593
592
589
589
589
589
575
576
714
753
702
602
589
591
596
587
591
593
591
593
594
588
589
591
592
592
592
570
569
585
589
596
593
592
594
593
592
592
575
576
592
587
571
578
601
592
593
592
592
591
590
592
591
592
736
598
587
640
589
592
583
591
592
605
660
597
591
603
590
591
591
591
706
592
591
593
593
592
590
587
588
596
591
591
593
585
593
598
603
598
581
577
565
570
585
585
585
582
585
585
586
586
590
586
586
585
586
598
697
660
615
581
599
606
602
591
593
586
589
587
602
638
567
585
587
586
566
599
583
605
572
584
589
592
588
575
579
564
590
588
589
577
591
584
586
575
576
584
589
589
571
577
589
589
572
588
583
588
575
587
581
585
594
607
579
580
583
599
592
590
590
584
583
588
578
588
587
589
577
576
586
583
582
585
587
592
590
581
583
589
593
577
588
592
589
576
589
579
590
589
589
575
567
592
589
589
582
584
591
575
590
582
589
579
589
582
669
694
702
654
587
586
603
609
603
592
589
589
588
587
592
589
583
584
584
587
590
589
589
590
589
589
593
591
596
590
590
590
589
589
590
589
610
662
589
589
590
591
589
580
590
565
584
572
585
585
590
589
588
613
591
582
586
591
588
589
578
590
585
586
590
592
589
591
591
589
590
589
582
587
576
590
592
580
586
595
613
662
589
644
661
589
589
572
589
589
727
587
588
587
589
589
589
590
589
590
573
590
592
588
594
581
597
587
589
590
590
589
589
589
584
591
590
589
590
590
589
589
582
586
597
591
590
570
585
594
596
589
589
590
587
589
585
598
589
591
589
574
596
661
588
589
576
578
564
582
588
691
573
590
589
597
590
623
661
589
589
596
589
593
573
589
593
592
591
590
586
590
590
590
589
590
589
590
591
591
581
577
588
590
579
590
594
