798
724
658
658
657
649
658
686
652
652
671
654
655
662
655
653
668
726
656
685
737
701
766
798
799
768
664
636
657
656
667
644
642
643
642
642
634
647
615
643
643
692
678
636
730
665
632
624
634
644
636
643
642
642
607
642
623
642
658
713
641
642
641
641
713
715
642
642
643
642
704
718
618
621
684
792
793
789
742
785
753
663
656
638
666
632
639
643
642
641
648
642
642
645
623
650
630
704
674
661
606
689
645
637
650
627
614
632
645
645
642
642
642
641
642
644
642
641
642
642
643
646
644
642
641
642
641
650
642
641
641
641
641
641
724
642
642
642
669
742
641
642
641
640
640
712
646
639
713
643
630
643
626
685
664
661
650
640
628
695
705
637
630
629
642
642
642
659
714
640
634
643
710
652
713
642
643
642
700
652
715
642
643
643
781
642
643
727
647
642
648
644
641
642
642
642
737
654
712
652
643
641
642
646
640
641
623
644
607
658
604
641
619
621
642
634
622
642
642
627
649
642
642
641
641
697
712
641
641
647
641
643
641
641
678
713
732
643
642
710
653
712
726
642
641
641
643
641
641
699
715
640
644
641
648
642
649
640
644
642
641
648
642
641
641
643
642
643
642
625
613
632
600
625
624
609
619
603
642
634
656
639
640
642
641
704
712
628
641
644
641
641
642
641
703
717
632
640
639
641
641
641
788
643
624
644
638
639
640
638
641
640
640
639
639
642
641
640
640
638
641
640
622
643
638
641
641
641
641
626
642
648
652
631
643
639
621
689
634
674
635
620
641
642
622
657
640
641
628
639
676
640
642
640
641
644
647
641
747
641
643
642
641
642
711
642
642
641
666
746
641
640
642
641
639
712
641
643
697
745
642
641
714
642
641
714
640
641
715
641
642
713
641
641
714
640
640
640
641
640
642
698
715
642
634
615
639
606
615
610
643
629
608
636
616
621
620
638
641
641
641
628
641
642
642
641
650
641
640
642
642
640
641
645
641
641
640
640
642
749
641
641
641
628
713
641
647
641
641
641
641
769
639
642
641
641
641
640
647
700
642
641
640
641
644
642
642
641
641
668
713
644
641
642
641
640
626
635
623
604
640
705
732
643
612
635
628
643
620
628
632
627
642
642
641
641
640
641
641
641
642
641
641
641
640
640
650
640
641
647
641
644
640
641
705
789
787
761
711
788
787
787
671
656
655
655
643
717
642
644
641
645
643
641
692
718
722
642
643
712
754
646
638
643
642
643
642
642
642
644
645
633
636
647
632
615
615
636
679
643
637
632
649
628
632
631
642
643
643
644
643
642
642
729
754
642
639
642
643
643
640
643
643
643
642
644
647
642
643
642
642
641
642
643
643
643
642
643
629
644
643
642
773
642
637
642
630
713
729
654
714
649
642
644
642
643
643
643
669
714
730
643
643
711
643
643
642
642
643
780
643
639
625
620
644
702
653
643
623
633
628
629
642
642
637
738
735
639
643
650
641
642
638
641
641
640
641
641
641
662
735
749
750
642
740
750
668
648
640
643
643
643
643
642
642
642
772
636
641
642
643
641
643
643
642
642
678
715
736
650
634
636
643
642
642
686
718
643
642
642
772
672
790
674
637
641
643
644
643
642
643
643
644
744
768
642
643
646
656
694
663
665
633
644
654
647
636
643
643
642
661
652
621
643
641
630
643
613
643
652
647
628
637
647
645
644
644
643
643
645
643
645
644
644
645
644
644
645
644
680
716
646
645
645
652
692
713
645
645
643
644
698
716
643
645
644
643
643
643
636
661
634
639
640
644
643
644
644
707
726
637
644
644
645
643
643
643
643
644
645
644
643
644
645
644
770
645
644
643
644
643
627
628
631
609
656
652
639
645
647
640
614
620
644
624
643
624
702
652
714
708
742
696
638
686
766
750
750
716
641
638
660
663
650
641
641
641
646
642
641
696
712
730
642
649
646
632
643
641
636
641
642
670
713
641
636
647
641
643
641
770
630
641
640
641
641
641
642
641
643
641
788
644
643
647
644
642
643
644
630
643
641
648
641
642
641
643
642
641
642
642
642
643
625
622
620
616
628
642
643
650
648
632
626
694
750
710
637
615
651
645
642
643
643
643
642
644
643
644
642
643
643
642
644
644
782
646
649
644
645
644
645
672
720
643
644
643
789
645
647
642
645
643
643
681
715
730
643
644
643
643
643
643
643
643
643
654
713
737
644
613
641
643
643
644
647
643
644
643
643
643
643
644
643
642
643
643
645
706
726
717
716
658
642
650
644
639
641
642
643
