416
285
279
203
193
173
142
139
139
137
137
137
137
142
197
199
142
145
151
152
150
151
151
150
150
125
142
140
140
140
151
140
138
136
135
136
140
141
135
135
139
139
139
138
137
137
134
130
134
133
140
131
130
133
123
134
140
140
138
138
114
144
132
133
125
122
111
179
193
155
154
120
131
127
126
123
126
123
123
124
126
126
126
127
141
134
132
132
133
134
130
128
128
128
127
128
127
128
128
134
138
147
135
132
132
127
134
134
135
135
134
133
126
117
128
130
128
128
128
127
127
127
127
127
127
128
129
127
127
133
133
134
134
132
132
129
128
133
139
128
128
127
127
122
135
134
134
136
130
133
125
134
141
135
134
132
134
129
128
127
130
127
127
127
124
128
132
133
132
132
132
132
139
146
139
125
134
135
133
132
128
127
127
127
117
124
123
129
132
130
131
132
131
131
131
124
134
134
134
132
132
134
112
130
122
123
123
123
123
121
123
134
140
143
132
132
133
130
132
131
131
132
122
142
128
131
134
133
133
134
133
132
135
142
132
131
131
131
131
131
123
134
135
134
134
133
134
128
129
127
134
127
124
127
129
132
132
132
132
132
131
131
111
140
133
132
132
132
132
129
126
127
127
127
125
127
126
128
127
127
132
131
131
131
132
131
131
141
129
129
132
131
111
140
134
133
131
121
145
133
127
127
127
128
124
127
127
128
132
131
131
131
131
131
131
123
133
133
134
133
132
132
111
125
123
140
129
136
137
189
273
257
263
208
199
195
193
193
195
195
168
142
134
140
134
137
135
136
135
133
137
142
131
130
129
128
133
128
128
134
133
115
137
132
132
138
132
132
131
132
132
132
133
126
128
129
137
148
148
147
141
127
127
127
127
127
120
123
132
131
131
131
131
131
131
123
122
110
138
129
129
126
125
111
130
129
124
129
124
125
124
128
127
134
133
144
133
132
131
131
131
132
132
131
132
130
136
136
135
135
133
133
133
127
145
145
143
145
145
144
122
122
126
123
122
123
123
123
134
135
135
135
133
133
134
127
133
147
136
131
131
131
112
154
142
141
142
148
141
138
128
127
127
116
127
128
127
132
134
131
131
131
131
131
124
123
123
123
123
122
123
122
112
123
124
135
136
136
134
130
130
140
128
126
127
126
127
127
131
136
132
115
132
132
130
123
122
123
122
122
123
123
125
142
135
135
133
133
135
135
129
132
132
131
130
131
131
124
122
124
140
129
126
127
128
124
129
142
123
122
123
122
122
233
147
183
149
148
129
149
167
148
144
147
145
141
128
128
127
128
128
128
132
135
141
139
135
134
135
132
143
129
118
130
128
127
127
127
127
127
127
127
127
127
127
128
136
136
136
135
134
134
130
135
133
134
136
132
132
134
146
138
132
131
132
132
131
126
134
171
268
256
184
185
184
184
193
195
165
188
194
168
127
140
132
132
132
131
132
124
123
123
132
123
122
123
122
122
134
133
134
137
131
132
130
127
128
132
132
131
131
130
116
132
132
130
131
132
131
131
145
134
135
133
132
133
132
129
132
131
138
131
131
131
124
123
123
123
123
123
123
122
109
135
134
133
133
134
134
132
128
132
132
132
131
132
131
124
123
122
123
123
124
127
123
123
134
139
134
132
133
142
129
134
132
132
137
129
128
131
123
122
123
125
122
123
122
123
123
134
134
134
132
131
131
128
127
132
132
132
131
131
138
123
123
141
128
127
126
127
130
132
186
264
267
195
194
193
193
194
188
184
185
190
159
135
128
127
123
123
126
123
123
126
124
134
124
124
125
123
123
123
126
124
119
129
123
139
133
122
122
122
122
123
122
123
115
123
123
122
123
122
122
123
122
126
122
122
122
122
123
122
122
122
129
122
122
122
122
122
122
123
109
124
128
127
124
133
129
123
127
123
124
126
123
123
123
123
126
123
123
123
123
123
123
126
123
123
126
123
126
127
125
128
133
124
127
122
122
133
124
124
123
114
124
143
130
123
123
122
122
122
122
122
123
122
109
182
198
195
145
127
128
126
127
123
124
123
260
195
155
150
153
144
133
132
131
130
135
129
129
123
127
128
126
127
124
132
124
127
132
132
132
132
132
144
114
147
146
145
146
145
144
134
127
138
135
123
122
122
130
132
131
131
115
132
129
128
131
132
134
133
133
133
133
131
136
131
131
131
132
132
130
122
134
134
134
131
138
133
128
126
128
126
127
126
124
127
127
133
132
112
118
131
131
131
137
134
136
133
134
133
133
129
128
127
128
128
128
127
