353
242
207
176
149
147
149
146
132
132
131
135
136
118
134
135
135
135
134
135
136
135
134
134
135
135
134
134
136
135
134
133
133
131
128
128
128
128
131
128
128
131
137
124
137
132
132
132
132
132
138
132
131
136
136
134
133
135
135
135
133
133
136
134
134
134
134
133
132
134
132
127
124
122
132
126
125
125
125
124
126
126
126
124
125
126
125
125
125
125
125
124
124
125
124
125
125
125
125
126
126
131
189
204
197
126
127
127
124
125
126
126
126
126
125
124
125
125
124
125
125
125
125
125
124
124
125
124
125
125
124
125
125
124
107
125
126
126
126
126
125
126
126
125
126
125
125
125
125
124
124
124
131
124
124
124
158
200
197
126
126
126
125
124
130
127
126
129
126
124
124
126
126
126
125
125
125
125
124
124
125
128
112
125
125
125
125
125
125
124
126
126
125
124
124
124
110
127
127
126
125
129
127
129
126
125
126
126
124
126
125
126
127
125
126
125
125
125
124
124
125
126
126
125
124
127
126
131
127
125
126
125
126
126
125
127
125
125
125
125
125
189
208
197
125
126
124
125
124
124
125
125
125
125
129
125
125
117
127
125
125
125
127
190
207
197
126
126
125
125
125
125
125
125
125
126
125
125
125
125
126
126
127
125
125
124
125
108
130
126
126
126
127
125
126
126
125
126
125
125
125
167
200
197
125
129
125
125
125
124
126
126
126
124
124
107
124
127
126
126
126
125
125
203
201
198
126
126
125
125
125
124
125
107
125
134
130
126
126
125
125
126
127
126
127
126
125
109
129
125
126
126
126
125
126
125
129
125
126
125
125
166
200
198
126
126
127
125
126
125
126
126
127
125
125
126
125
108
130
126
126
125
126
126
126
126
125
126
126
125
125
177
197
198
110
112
125
126
125
124
126
127
126
126
125
125
125
132
200
183
183
182
146
142
141
137
138
139
131
132
132
132
131
130
130
131
125
125
125
126
126
126
125
125
132
131
126
132
131
132
131
126
132
131
131
130
129
131
132
126
126
126
126
125
124
125
125
132
139
132
131
130
132
132
128
131
118
136
132
132
131
131
127
126
126
126
126
126
126
126
131
132
132
131
130
130
131
127
131
131
132
131
130
131
131
132
129
135
132
132
132
132
128
131
132
132
119
141
132
136
126
125
126
126
126
108
126
126
126
126
125
125
126
126
126
125
125
125
109
125
125
125
126
125
125
125
125
125
125
126
126
126
125
108
126
126
109
108
108
108
128
130
126
126
126
126
128
125
184
198
203
126
127
126
126
125
127
127
126
126
128
126
126
126
125
125
125
125
126
126
168
200
198
127
126
127
126
125
109
127
126
125
127
125
126
130
126
127
126
125
125
126
127
126
108
126
127
125
126
125
126
130
126
125
125
125
126
126
127
124
109
126
127
126
126
126
125
126
126
125
126
126
126
126
127
126
125
125
126
125
125
125
125
126
126
125
125
125
125
125
125
127
127
127
126
126
117
130
139
133
133
131
138
131
125
130
129
129
130
127
127
127
124
123
123
124
124
124
123
123
125
133
136
133
132
131
134
128
131
130
130
130
128
129
129
126
123
124
124
124
123
124
124
126
133
137
132
136
133
133
128
130
128
131
130
129
128
128
127
132
133
133
133
131
133
131
123
126
129
124
124
124
123
125
130
132
128
128
130
130
130
126
132
134
134
134
133
132
129
126
124
124
123
124
123
123
124
131
130
131
130
129
129
129
129
123
123
124
124
124
123
123
125
133
129
121
121
109
126
125
125
123
120
125
121
108
175
178
188
145
140
140
140
135
130
111
109
128
129
129
130
129
121
120
119
121
121
121
120
120
120
130
131
130
130
135
131
131
128
129
130
134
129
129
128
127
120
120
120
120
120
121
120
120
121
131
134
131
129
129
131
128
129
130
129
129
129
128
129
121
131
131
130
130
129
132
129
122
121
121
126
126
126
124
125
126
130
110
129
128
128
128
128
127
127
129
128
128
128
128
121
132
131
131
131
131
130
129
126
123
123
126
125
125
125
124
124
272
222
130
129
129
121
120
121
121
121
120
120
121
121
131
131
131
130
129
129
133
130
128
128
128
128
128
128
121
131
138
131
130
129
131
112
130
126
126
121
121
121
121
122
125
125
125
125
125
125
124
125
125
125
125
127
127
126
126
125
125
125
112
128
126
125
124
128
126
126
125
129
126
126
126
125
186
201
196
126
126
126
124
125
125
125
124
124
125
126
126
126
117
126
126
126
126
126
126
125
124
127
126
