484
306
309
280
276
279
278
278
280
278
279
279
247
257
238
259
259
261
261
269
259
257
257
261
258
261
261
261
265
262
270
261
258
257
259
257
257
256
255
255
254
254
256
256
258
256
266
258
256
261
268
258
258
245
256
253
254
250
252
254
256
256
255
256
254
243
257
258
255
234
256
256
257
256
256
255
257
254
257
253
258
248
247
251
254
254
255
254
254
239
255
255
254
255
253
253
259
255
254
254
245
259
253
254
240
261
254
255
254
253
254
254
233
246
252
254
255
254
253
252
254
254
255
253
253
254
255
254
239
255
255
248
231
255
256
255
255
254
255
255
255
254
251
250
233
248
248
245
245
246
254
255
260
253
254
254
255
254
253
251
248
246
236
254
255
254
254
255
257
254
255
251
251
248
245
245
245
251
252
253
253
254
254
254
253
253
240
256
254
243
245
230
251
252
249
247
246
253
254
254
254
256
253
260
254
246
246
282
304
297
299
310
328
329
330
327
330
327
305
273
259
248
254
264
263
262
261
262
260
261
256
252
252
254
255
252
255
255
255
254
255
253
253
255
238
254
254
255
255
254
237
297
309
315
289
274
274
275
274
299
327
328
292
262
249
265
261
261
248
243
225
248
254
255
257
264
255
241
255
238
240
252
252
252
252
251
252
251
252
253
254
254
240
254
254
253
253
253
252
251
254
254
254
254
256
259
253
257
252
251
255
258
271
254
239
256
256
240
255
252
252
252
255
255
254
255
254
240
266
254
255
241
255
254
255
255
255
241
255
254
255
254
250
253
254
261
252
253
255
254
255
254
255
254
255
254
261
255
257
252
252
252
238
253
255
254
255
259
243
253
255
253
254
255
257
259
264
256
257
254
256
252
252
252
252
251
252
253
253
233
254
253
253
252
253
255
255
254
255
255
254
255
254
256
254
255
255
262
253
253
252
252
252
253
253
239
254
253
252
255
252
269
369
293
301
300
259
289
266
253
255
240
299
269
261
263
256
265
254
254
253
255
254
254
255
254
253
237
259
254
254
252
252
252
251
251
253
253
258
251
246
244
244
244
249
255
254
252
241
254
256
256
254
249
252
252
252
246
253
253
254
253
254
254
252
262
255
254
254
261
252
293
316
329
328
328
316
304
296
284
260
299
283
264
262
261
264
262
264
262
252
243
248
252
252
257
252
251
253
252
252
252
253
251
252
253
252
252
255
255
254
243
257
254
254
254
254
254
254
253
259
388
246
258
254
252
252
252
237
253
237
252
251
252
252
254
258
257
248
254
263
254
254
254
247
253
254
254
255
243
254
256
255
257
254
247
252
253
253
253
242
255
254
255
254
255
257
254
254
305
289
324
310
426
408
406
419
336
274
292
302
300
272
265
263
261
261
261
262
264
256
255
244
247
256
238
239
255
262
259
256
254
238
240
257
260
254
253
255
255
238
255
254
256
255
256
253
254
234
260
254
255
255
254
255
255
254
253
254
254
255
254
254
254
254
254
254
259
253
252
254
237
261
255
254
255
255
255
254
255
257
253
258
255
254
261
299
307
265
259
266
258
253
248
252
255
253
253
253
256
253
247
252
252
252
252
253
252
252
254
254
255
255
254
254
255
255
256
238
255
251
252
254
258
252
255
254
255
255
254
255
254
255
253
252
240
254
253
252
252
257
256
255
254
255
256
254
255
255
252
252
256
254
255
254
255
255
254
255
259
252
252
234
252
255
255
255
254
255
238
256
241
255
255
261
259
253
255
255
254
254
254
260
254
255
254
237
258
256
257
254
258
256
252
237
253
252
252
250
254
255
254
254
254
255
255
255
256
239
252
253
252
254
255
255
254
255
254
256
238
258
255
253
254
254
261
254
240
254
255
256
253
252
252
252
252
254
255
254
254
254
240
255
254
255
248
257
255
252
252
252
252
252
251
252
255
256
255
255
254
241
255
254
252
252
254
254
254
255
256
255
255
255
252
252
252
256
252
252
252
237
253
255
239
253
255
240
254
266
256
248
241
254
255
254
260
255
261
255
256
254
247
251
252
252
248
255
255
240
258
255
255
254
255
253
253
238
252
238
252
252
253
252
252
237
248
245
261
254
248
253
252
252
252
252
252
252
248
246
243
245
250
252
237
252
252
252
252
254
249
252
256
248
256
255
255
253
255
254
254
255
254
248
237
254
240
254
254
255
255
256
241
247
252
252
252
252
247
258
252
252
249
252
238
252
254
257
255
256
255
258
258
255
253
252
252
252
251
248
242
253
241
255
253
254
254
254
255
256
248
