638
317
312
308
312
317
314
294
295
295
296
292
296
326
314
449
300
275
284
284
285
259
290
288
268
262
264
263
281
290
289
289
288
293
288
288
288
287
288
271
283
273
280
265
279
274
278
278
278
281
296
283
283
281
287
283
277
279
280
277
278
279
276
274
280
279
279
274
264
278
280
283
284
284
284
284
284
283
280
279
275
279
279
279
272
282
280
280
274
429
280
279
277
278
278
279
282
278
267
264
249
272
277
284
284
284
284
283
284
286
277
285
273
279
279
279
276
281
281
279
389
350
279
263
303
388
377
378
370
325
279
265
281
279
280
330
424
279
278
279
279
275
279
279
279
263
267
281
278
282
284
288
297
284
284
284
277
277
265
278
279
278
281
274
276
304
269
280
278
278
274
280
277
279
270
278
279
282
282
273
283
283
283
283
283
274
278
274
280
276
279
274
352
350
276
260
260
259
257
278
278
280
273
288
280
268
279
263
279
275
278
278
278
274
280
279
281
284
283
284
284
284
284
285
279
279
274
279
279
278
273
278
278
279
274
278
278
277
271
277
278
281
283
284
283
283
282
285
285
271
281
263
304
347
357
286
279
278
279
277
277
279
298
417
278
274
279
279
279
275
278
280
287
283
283
282
283
281
285
283
273
263
274
280
278
277
271
279
278
263
279
277
278
278
396
350
281
364
337
255
287
279
278
268
255
264
265
269
278
277
278
279
279
278
341
415
278
278
274
277
274
280
280
280
347
417
279
278
278
278
274
279
277
279
355
413
279
266
263
260
262
270
280
278
282
283
272
283
283
283
285
283
278
278
273
280
287
279
282
278
291
279
274
280
279
279
274
279
280
287
284
282
285
283
273
301
286
276
280
278
280
351
279
280
277
279
277
267
278
278
274
280
279
283
284
284
284
285
284
285
283
276
284
311
282
281
279
290
274
278
279
281
282
284
284
283
292
343
378
299
285
280
275
263
263
273
265
291
283
301
303
304
290
273
265
260
367
345
277
278
277
277
274
277
277
275
428
336
278
276
283
278
273
278
279
278
427
424
313
281
281
273
265
262
262
246
280
278
278
272
276
279
277
268
278
280
286
286
284
283
282
283
284
285
267
260
274
258
258
277
284
283
283
283
283
282
284
284
274
260
270
268
266
271
278
277
277
276
277
276
279
278
285
279
266
283
283
282
283
282
274
276
271
282
283
278
272
277
282
279
279
279
278
274
280
278
278
270
290
335
361
308
268
266
264
280
280
278
278
277
276
274
278
277
280
283
286
282
281
285
299
284
267
258
249
279
277
258
258
269
275
283
274
277
277
278
285
475
279
272
277
278
279
275
262
276
277
278
278
278
272
277
278
269
278
278
280
325
439
277
259
256
258
259
271
278
278
280
283
283
285
296
282
284
283
279
279
278
277
276
277
272
278
276
278
281
276
278
279
281
278
278
269
278
278
278
281
282
282
282
282
288
284
277
278
278
262
256
271
277
287
284
283
284
283
274
283
283
278
276
259
256
278
278
282
284
284
285
284
279
282
281
282
278
267
256
259
277
278
282
281
282
281
281
283
282
283
264
265
259
264
258
260
261
263
277
277
279
276
277
278
274
279
278
280
283
283
282
283
282
282
282
276
276
280
278
278
278
273
277
278
277
270
451
278
278
274
278
277
278
277
278
266
278
278
278
281
281
281
282
283
289
284
276
279
280
257
256
270
278
289
282
281
282
283
269
283
282
278
277
274
278
279
276
282
392
318
266
259
281
290
317
246
251
282
257
262
265
259
281
261
281
262
259
259
268
279
260
281
282
272
262
260
262
281
268
282
279
265
305
266
278
278
277
272
277
278
277
272
276
278
280
281
272
282
293
261
281
282
280
277
281
278
277
278
275
278
282
278
268
278
279
278
282
282
282
282
282
282
281
279
281
285
279
278
278
278
273
278
277
279
270
278
278
290
281
283
283
284
283
284
284
263
255
270
278
285
279
274
277
279
278
273
278
278
278
278
278
278
265
278
278
278
282
287
283
283
284
283
283
276
277
279
271
278
277
278
268
442
277
260
257
257
258
270
278
278
279
284
283
284
283
287
283
283
283
278
278
279
278
278
275
279
277
278
269
276
265
275
281
282
282
282
282
282
281
284
278
277
273
278
341
277
273
277
278
275
278
278
277
295
446
277
273
275
283
277
277
278
277
271
277
278
278
282
282
282
282
294
280
283
276
249
282
257
259
271
266
287
283
282
283
283
281
284
283
278
278
274
278
278
278
275
278
277
280
276
276
321
341
