950
461
459
469
434
429
434
407
378
371
375
377
376
372
377
374
364
379
368
362
356
365
352
373
372
372
372
372
370
369
366
366
361
364
365
365
364
363
364
363
364
363
364
363
364
364
364
364
364
363
377
365
364
364
364
370
482
365
365
345
350
366
364
364
364
348
364
364
364
365
365
365
365
365
365
364
365
369
357
360
337
334
334
349
362
365
365
364
368
367
368
366
366
366
420
408
367
363
362
357
360
375
374
365
371
353
352
361
349
530
588
515
497
364
348
344
335
362
340
336
367
349
326
334
407
392
342
356
364
359
397
366
368
366
371
365
366
368
368
365
348
365
366
366
364
372
366
365
365
365
365
345
378
365
365
365
365
365
365
365
364
365
365
367
367
366
367
367
367
366
367
366
366
371
367
366
367
366
366
366
366
366
366
365
360
364
364
364
364
365
479
435
364
347
343
363
366
366
367
366
367
366
367
379
367
355
365
365
364
364
364
365
365
364
365
365
343
365
365
364
458
389
364
365
366
365
364
353
365
364
364
366
365
364
365
366
364
365
357
365
364
365
365
365
365
364
365
365
365
365
365
364
365
364
377
365
364
364
364
364
365
365
365
364
364
364
364
364
364
364
363
366
365
366
366
357
361
371
366
364
364
364
392
366
366
366
358
364
365
365
366
366
366
369
366
366
367
355
364
366
366
365
365
363
366
378
366
459
382
367
366
366
365
367
366
364
364
364
367
365
366
369
364
365
365
366
366
364
365
364
365
365
365
365
364
365
377
366
365
369
430
442
471
472
434
381
363
360
361
352
362
364
366
366
367
367
365
366
367
367
371
361
364
365
365
365
365
350
366
365
365
461
370
364
364
366
365
365
355
366
364
365
365
365
364
365
365
365
365
365
365
365
364
365
365
365
365
365
364
365
368
366
365
364
366
365
366
380
365
365
364
367
365
366
366
371
361
361
362
363
365
365
367
367
366
365
361
364
364
365
368
365
367
366
365
368
458
429
377
429
429
397
365
359
362
363
357
361
369
365
365
364
365
366
368
366
364
365
376
364
365
365
364
365
348
509
436
365
357
362
358
361
366
364
365
366
365
364
365
364
363
366
365
365
364
364
424
437
365
369
361
362
366
358
446
469
435
368
357
361
361
357
362
362
361
362
360
385
363
375
362
362
361
362
362
361
362
373
378
354
359
354
350
347
351
345
365
349
345
349
366
349
366
367
351
346
358
362
510
342
357
340
362
491
416
358
358
359
355
360
359
375
364
365
366
365
364
365
365
379
377
360
364
363
364
364
365
364
365
363
363
363
364
364
364
416
430
364
354
340
355
364
364
370
365
365
366
366
361
371
363
365
365
370
469
472
471
382
361
361
361
352
369
370
365
364
364
363
369
366
366
380
360
364
365
368
365
365
366
365
365
365
364
418
424
370
357
341
353
366
365
365
366
365
365
365
350
369
363
363
363
364
364
363
364
360
364
371
364
364
364
344
364
363
356
361
356
361
394
678
684
573
442
409
363
356
363
368
365
366
364
365
365
367
366
364
364
418
472
471
439
362
360
360
360
447
420
364
361
361
358
360
364
365
364
364
364
364
364
364
365
363
365
364
364
365
364
364
363
364
365
364
364
378
364
364
365
364
364
369
365
364
364
364
364
364
415
417
364
347
365
363
363
362
366
367
366
366
367
365
366
370
364
359
362
370
367
368
364
366
367
374
370
366
366
383
486
366
366
338
349
363
363
366
379
366
367
366
365
366
340
349
365
362
367
366
367
367
366
366
366
340
349
364
362
365
365
366
365
365
366
366
339
348
364
363
363
363
363
363
363
363
362
348
363
362
363
364
363
363
362
363
363
363
351
372
362
363
366
366
366
363
359
347
361
362
363
362
363
362
363
364
363
363
362
363
363
363
363
361
376
471
363
363
336
345
365
366
366
366
369
365
365
339
337
353
363
363
364
374
366
365
366
360
356
360
368
355
431
392
360
360
400
465
458
499
506
513
484
409
348
349
452
470
470
470
387
359
362
359
359
374
459
361
476
388
356
361
360
364
365
368
365
365
365
364
364
364
365
364
364
364
361
365
364
364
365
377
365
365
365
364
363
366
365
365
364
365
365
364
364
365
440
389
365
360
360
356
361
364
364
365
366
365
350
372
365
394
384
325
343
358
362
344
350
359
328
359
360
328
339
355
359
337
362
355
359
367
383
369
368
366
366
366
366
361
371
365
366
366
365
366
367
367
368
373
365
366
370
367
366
366
366
355
365
364
366
366
366
366
