769
452
426
502
474
489
428
379
355
355
352
357
390
418
336
334
341
332
315
315
354
395
400
370
331
330
325
496
327
355
386
320
320
320
320
297
321
318
324
325
331
324
324
323
316
320
310
326
328
324
337
323
324
323
356
319
319
319
319
313
320
321
320
321
321
317
399
373
320
318
320
313
322
321
321
320
321
322
313
319
321
332
325
324
328
324
326
319
322
314
320
320
320
367
399
321
313
320
321
315
321
330
325
325
324
324
324
324
322
322
326
324
323
323
323
324
323
324
324
323
323
324
324
324
324
323
324
324
324
323
440
365
322
329
306
306
320
320
321
323
324
323
324
327
324
326
325
337
323
306
304
322
336
324
324
324
324
318
325
305
305
322
323
323
325
323
324
325
324
323
329
321
316
321
321
323
324
325
323
323
326
324
330
325
324
324
324
323
324
325
324
439
394
325
311
305
307
313
319
318
325
325
324
334
324
324
329
321
314
320
325
324
323
324
324
324
317
321
320
327
320
320
319
319
317
321
321
324
324
324
325
324
324
324
320
319
331
324
324
324
324
325
324
321
315
320
324
324
324
325
325
323
324
325
335
336
458
324
324
307
306
313
321
321
323
324
324
330
418
434
425
356
300
466
320
316
320
320
369
326
324
324
324
324
324
323
325
324
315
317
323
324
323
324
323
323
323
320
323
318
339
391
313
321
314
334
324
323
323
323
324
323
319
319
323
376
430
429
429
342
322
323
320
321
327
323
311
325
323
323
323
324
317
322
327
323
323
323
322
331
325
323
315
322
320
321
320
314
319
318
325
311
324
324
370
432
432
396
335
320
321
319
303
322
327
321
321
321
316
319
320
314
320
328
335
314
343
310
352
330
331
374
328
318
305
305
309
333
323
328
325
325
324
325
325
328
334
325
324
326
325
325
325
323
324
316
321
328
322
324
326
312
376
432
403
356
323
320
321
314
322
322
331
313
324
325
325
325
325
330
324
303
301
309
321
330
328
327
327
326
326
326
326
323
318
312
320
320
323
321
316
320
319
326
326
327
325
325
339
326
324
321
305
302
351
321
325
325
324
324
325
325
325
321
312
321
323
322
340
336
334
382
396
388
333
330
323
324
322
321
320
320
319
311
320
320
310
323
320
308
319
319
379
435
319
304
299
301
311
407
365
420
346
337
338
338
338
310
306
322
325
325
326
325
324
326
325
324
318
320
320
320
303
321
320
324
325
324
324
323
323
325
324
323
311
501
325
324
309
304
313
320
320
328
324
325
322
320
326
413
379
313
304
296
326
357
298
308
297
298
293
314
294
311
305
299
300
321
293
356
398
403
360
331
321
321
320
315
322
319
325
324
324
321
325
324
324
325
308
304
323
325
326
324
324
322
325
324
314
319
324
337
324
324
325
326
328
320
303
320
319
325
324
324
324
324
325
318
321
324
327
326
324
324
324
324
372
428
326
324
308
305
299
321
320
324
324
324
324
325
324
321
320
317
320
321
322
315
321
319
326
324
337
325
324
325
324
311
326
324
324
321
321
315
320
320
324
327
326
310
330
326
322
321
323
325
324
325
325
325
325
314
323
325
308
324
324
325
325
320
321
422
384
318
335
324
312
311
310
316
329
329
327
338
329
328
319
310
297
291
313
323
329
328
327
328
327
327
326
307
292
310
316
325
312
311
309
315
326
326
327
334
329
328
327
328
343
343
342
339
321
321
321
310
326
334
325
326
325
324
325
324
323
321
325
304
318
336
324
322
323
302
309
309
309
309
309
316
316
323
323
297
313
313
417
369
317
324
324
322
323
328
326
327
327
326
310
311
309
308
314
324
338
404
421
431
417
378
348
343
318
321
322
384
385
329
319
319
318
319
319
320
322
322
324
341
326
326
328
317
306
321
319
319
315
319
319
337
324
325
324
324
325
324
315
320
319
314
320
320
321
320
319
315
320
319
324
323
323
322
323
323
318
320
320
320
324
319
323
322
323
322
322
323
322
325
329
320
311
318
320
319
319
320
439
365
320
354
397
396
363
324
314
320
319
326
326
325
303
325
324
324
320
316
320
319
319
310
321
319
322
317
325
326
326
326
326
332
321
314
321
320
319
314
320
320
315
321
321
325
324
326
326
325
326
310
329
323
321
307
397
417
431
431
423
386
348
322
320
320
315
319
322
320
319
314
320
320
334
327
324
324
325
324
326
315
319
319
323
320
322
318
325
323
327
325
323
315
320
319
323
320
320
313
320
319
314
320
321
326
324
324
324
324
326
322
323
316
321
320
