727
401
386
358
372
348
370
478
312
588
353
297
285
293
276
292
279
292
273
272
272
271
288
288
288
279
296
282
296
288
288
288
287
287
287
287
283
277
274
277
280
278
272
278
277
277
270
278
279
279
393
344
282
258
242
256
259
278
277
277
273
277
276
277
265
279
278
280
282
281
285
284
284
284
287
274
277
266
279
278
278
277
361
349
274
261
257
257
259
278
278
278
273
278
279
281
265
276
277
288
284
298
283
284
284
283
283
273
278
269
279
333
279
281
278
279
279
269
278
278
281
282
281
283
282
266
331
380
347
319
280
337
279
272
344
349
278
279
328
298
313
315
286
276
246
246
268
267
269
281
261
254
279
281
276
244
246
267
268
259
276
282
261
267
264
277
263
259
263
259
263
241
252
355
358
354
286
279
280
268
278
285
281
331
420
264
255
258
257
257
266
278
279
274
386
350
275
279
283
279
276
279
277
283
279
279
279
272
277
259
277
278
279
279
274
265
278
282
275
277
278
277
279
263
278
274
279
278
278
282
283
283
283
284
283
283
287
282
279
276
278
280
279
279
279
278
277
270
277
276
283
282
282
282
296
283
282
282
271
279
277
276
271
277
277
276
258
351
353
320
281
278
279
278
280
278
278
278
275
276
280
279
274
278
277
287
282
281
282
264
282
281
282
278
269
277
278
266
278
272
280
280
279
271
293
287
279
278
262
275
272
280
280
282
284
265
282
282
282
283
283
280
282
280
285
284
284
284
284
284
284
281
277
274
282
280
277
278
278
315
353
358
279
311
302
303
288
284
297
296
282
265
262
263
278
274
264
257
256
255
279
279
279
284
285
283
283
283
283
293
277
279
273
276
279
278
281
342
453
319
282
280
280
278
279
279
277
274
279
278
281
282
271
284
283
283
289
283
281
279
275
280
278
280
273
278
277
290
282
279
279
280
271
279
279
287
283
283
283
282
285
283
284
273
278
273
279
279
278
272
280
279
279
273
276
276
276
281
280
279
250
256
255
254
268
277
275
276
276
272
277
281
283
283
283
283
282
282
294
276
275
272
278
308
275
290
281
280
279
277
276
277
265
278
279
279
281
276
277
274
275
279
280
285
283
283
283
282
281
283
284
277
272
260
260
273
323
281
282
280
377
388
389
353
269
278
278
269
370
288
278
277
277
273
278
276
277
266
276
276
274
288
292
262
282
282
282
271
281
275
268
277
277
319
354
355
321
281
277
276
276
263
279
279
278
281
458
277
261
448
280
278
278
283
277
269
277
276
285
279
282
281
284
283
284
283
273
279
263
258
270
277
275
340
343
281
279
279
279
275
278
277
277
283
283
284
283
245
364
397
353
286
282
281
280
280
272
279
278
277
283
267
283
284
282
283
282
280
280
275
280
291
278
279
275
285
280
279
282
277
279
275
280
280
279
273
279
279
287
281
281
284
284
283
285
283
275
281
268
266
271
278
264
394
389
389
339
346
298
279
281
279
273
300
280
281
263
262
284
249
248
247
342
272
263
272
258
261
252
254
268
247
241
251
268
261
278
244
265
266
263
276
249
253
269
265
269
273
250
271
266
244
239
276
280
279
278
277
275
277
265
261
262
262
272
279
278
279
282
282
281
282
282
296
282
272
309
273
278
277
278
273
279
279
279
277
278
277
281
269
264
278
280
282
282
282
282
282
281
280
278
282
279
280
273
279
279
278
278
278
274
278
279
278
270
278
278
279
277
262
278
280
279
280
283
279
279
279
275
277
278
275
279
273
276
272
279
278
279
276
277
277
267
352
353
330
277
276
276
261
262
262
262
273
280
279
281
282
282
282
282
267
285
282
277
278
273
279
279
279
278
282
278
278
275
290
279
276
272
277
278
280
282
283
282
282
281
281
282
272
268
356
344
287
263
272
280
280
279
272
280
279
289
282
285
283
283
283
284
284
272
279
274
280
277
279
273
278
270
278
282
432
281
274
279
280
285
279
280
278
280
277
264
280
275
279
279
273
279
278
279
274
280
279
274
278
288
288
268
265
264
263
264
278
278
279
282
283
283
282
283
284
282
278
280
281
279
279
279
278
278
278
278
322
420
279
279
290
278
273
279
278
278
334
421
280
262
257
264
258
272
278
279
273
279
263
246
236
263
350
336
267
267
264
261
279
279
279
283
282
283
284
282
282
282
280
278
271
279
340
354
279
366
349
281
278
278
279
284
277
278
280
279
278
278
263
492
280
325
412
278
279
281
280
277
381
344
274
263
261
262
262
282
278
279
283
281
284
283
283
