00000011
01000405
01000100
0B590100
000055FF
00000001
00000010
314E5A5F
635F5F31
676E696C
39354E5F
6E693131
5F727473
64726F77
00004573
07BD9630
000055FF
02000200
00003400
00000009
02000300
0000BC00
0000000B
02000500
0000BC00
0000000B
02000400
0000D400
0000000B
02000400
0000D404
FFFFFFFF
02000400
0000D408
0000000A
06000100
00000000
00004000
00000000
00000000
00000000
80000000
00000000
00000000
02000000
02000000
0001D214
00000000
06000122
00000000
00010000
00000000
00000000
00000000
80000000
00000000
00000000
02000000
02000000
0001D204
80000002
06000112
00000000
00004800
00000000
00000000
00000000
80000000
00000000
00000000
02000000
02000000
0001D21C
00000002
03000000
00010100
