06030001
00000101
00000051
00000798
00000000
002340D0
007A0000
00000000
002340D4
00000001
00000000
002340E0
21534F4B
00000000
002340E4
251A1722
00000000
0023FF00
00012221
00000000
0023FF04
00000000
00000000
00234000
00007A00
00000001
0001D1E0
0000002C
00010000
00078000
40080000
00000000
80000000
00000000
00000000
02000000
00000081
00000018
0001D1E4
00000002
00078000
00000000
00000000
0001D20C
0000000F
00000000
00034000
00007F00
00000000
0003404C
0000007F
00000000
00034008
0000007F
00000001
0001D000
0000002C
00003C00
00000000
00000000
03000000
840000EF
0000002F
00103BFF
02000000
00000081
00000018
0001D004
00000002
00000000
00000000
00000003
0001D200
00000F00
00000F00
00000000
0001D204
80010000
00000001
0001D020
0000002C
00001E00
00000000
00000000
01E00000
84000077
0000001D
00000000
02000000
00000081
00000018
0001D024
00000000
00000000
00000000
00000000
0001D214
00040001
00000001
0001D040
0000002C
00002D00
00000000
00000000
01800000
87800077
0000383F
00400017
02000000
00000081
00000018
0001D044
00000001
00000000
00000000
00000000
0001D21C
00040002
00000001
0001D060
0000002C
00001E00
00000000
00000000
01E00000
84000077
0000001D
00000000
02000000
00000081
00000018
0001D064
00000000
00007800
00000000
00000000
0001D214
00040003
00000001
0001D080
0000002C
00002D00
00000000
00000000
01800000
87800077
0000383F
00400017
02000000
00000081
00000018
0001D084
00000001
00000000
00000000
00000000
0001D21C
00040004
00000001
0001D100
0000002C
00003C00
00000000
00000000
03000000
840000EF
0000002F
00103BFF
02000000
00000081
00000018
0001D104
00000002
0001E000
00000000
00000003
0001D200
00000F00
00000F00
00000000
0001D204
80010008
00000001
0001D120
0000002C
00001E00
00000000
00000000
01E00000
84000077
0000001D
00000000
02000000
00000081
00000018
0001D124
00000000
0000F000
00000000
00000000
0001D214
00040009
00000001
0001D140
0000002C
00002D00
00000000
00000000
01800000
87800077
0000383F
00400017
02000000
00000081
00000018
0001D144
00000001
00000000
00000000
00000000
0001D21C
0004000A
00000001
0001D160
0000002C
00001E00
00000000
00000000
01E00000
84000077
0000001D
00000000
02000000
00000081
00000018
0001D164
00000000
00016800
00000000
00000000
0001D214
0004000B
00000001
0001D180
0000002C
00002D00
00000000
00000000
01800000
87800077
0000383F
00400017
02000000
00000081
00000018
0001D184
00000001
00000000
00000000
00000000
0001D21C
0004000C
00000080
00000010
00000000
00010100
00000001
0001D000
0000002C
00003C00
00000000
00000000
03000000
840000EF
0000002F
00103BFF
02000000
00000081
00000018
0001D004
00000002
0003C000
00000000
00000003
0001D200
00000F00
00000F00
00000000
0001D204
80010000
00000001
0001D020
0000002C
00001E00
00000000
00000000
01E00000
84000077
0000001D
00000000
02000000
00000081
00000018
0001D024
00000000
0001E000
00000000
00000000
0001D214
00040001
00000001
0001D040
0000002C
00002D00
00000000
00000000
01800000
87800077
0000383F
00400017
02000000
00000081
00000018
0001D044
00000001
00000000
00000000
00000000
0001D21C
00040002
00000001
0001D060
0000002C
00001E00
00000000
00000000
01E00000
84000077
0000001D
00000000
02000000
00000081
00000018
0001D064
00000000
00025800
00000000
00000000
0001D214
00040003
00000001
0001D080
0000002C
00002D00
00000000
00000000
01800000
87800077
0000383F
00400017
02000000
00000081
00000018
0001D084
00000001
00000000
00000000
00000000
0001D21C
00040004
00000080
00000010
00000000
00010100
00000001
0001D100
0000002C
00003C00
00000000
00000000
03000000
840000EF
0000002F
00103BFF
02000000
00000081
00000018
0001D104
00000002
0005A000
00000000
00000003
0001D200
00000F00
00000F00
00000000
0001D204
80010008
00000001
0001D120
0000002C
00001E00
00000000
00000000
01E00000
84000077
0000001D
00000000
02000000
00000081
00000018
0001D124
00000000
0002D000
00000000
00000000
0001D214
00040009
00000001
0001D140
0000002C
00002D00
00000000
00000000
01800000
87800077
0000383F
00400017
02000000
00000081
00000018
0001D144
00000001
00000000
00000000
00000000
0001D21C
0004000A
00000001
0001D160
0000002C
00001E00
00000000
00000000
01E00000
84000077
0000001D
00000000
02000000
00000081
00000018
0001D164
00000000
00034800
00000000
00000000
0001D214
0004000B
00000001
0001D180
0000002C
00002D00
00000000
00000000
01800000
87800077
0000383F
00400017
02000000
00000081
00000018
0001D184
00000001
00000000
00000000
00000000
0001D21C
0004000C
00000080
00000010
00000000
00010100
00000080
00000010
00000000
00010100
