06030100
00000105
00000007
00000110
00000001
00000000
0001D000
00000030
00000400
00000000
00000000
00000000
80000000
00000000
00000000
02000000
00000081
00000030
00000000
00000000
00000000
00000000
0001D004
00000000
00000000
00000000
00000000
00000000
00000000
00000000
0001D214
00000000
00000000
00000018
00000001
00000000
0001D040
00000030
00000400
00000000
00000000
00000000
80000000
00000000
00000000
02000000
00000081
00000030
00000000
00000000
00000000
00000000
0001D044
00000000
00000001
00000000
00000000
00000000
00000000
00000000
0001D204
00000000
80000002
00000018
00000080
00000010
00000000
00010100
