00000011
01000405
01000100
0B590100
000055FF
00000001
00000010
314E5A5F
635F5F31
676E696C
39354E5F
6E693131
5F727473
64726F77
00004573
07BD9630
000055FF
02000300
0000A690
00000009
02000300
0000A694
00000008
02000300
0000A698
00000002
02000300
0000A69C
00000008
02000300
0000A6A0
00000008
02000300
0000A6A4
00000008
02000400
000062C8
00000008
02000400
000062CC
00000008
02000400
000062D0
0000000B
02000400
000062D4
00000001
02000500
00005CC8
00000008
02000500
00005CCC
00000006
02000500
00005CD0
00000008
02000500
00005CD4
00000000
02010500
00006F58
00000008
02010500
00006F5C
00000008
02010500
00006F60
0000000B
02010500
00006F64
00000001
02010400
00006AF8
00000007
02010400
00006AFC
00000008
02010400
00006B00
00000009
02010400
00006B04
00000000
02010200
0000EEB0
00000007
02010200
0000EEB4
00000007
02010200
0000EEB8
00000008
02010200
0000EEBC
00000000
02010300
0000BC88
00000009
02010300
0000BC8C
00000007
02010300
0000BC90
0000000C
02010300
0000BC94
00000001
02020200
0000BB98
00000008
02020200
0000BB9C
00000008
02020200
0000BBA0
00000008
02020200
0000BBA4
00000000
02020300
0000AE78
00000009
02020300
0000AE7C
00000008
02020300
0000AE80
0000000B
02020300
0000AE84
00000001
02020400
0000CE80
00000008
02020500
0000B260
00000007
02030500
0000E240
0000000A
02030400
0000C800
00000009
02030300
00007E10
00000008
02030200
0000AF80
0000000C
02030200
0000AF84
00000001
06000100
00000000
0000C400
00000000
00000000
00000000
80000000
00000000
00000000
02000000
02000000
0001D214
00000000
06030122
00000000
00001570
00000000
00000000
00000000
80000000
00000000
00000000
02000000
02030000
0001D204
80000002
06000111
00000000
00002174
00000000
00000000
00000000
80000000
00000000
00000000
02000000
02000000
0001D21C
00000001
06010111
00000000
00007BFA
000085D0
00000000
00000000
80000000
00000000
00000000
02000000
02010000
0001D214
00000001
06020111
00000000
00005E38
000275B8
00000000
00000000
80000000
00000000
00000000
02000000
02020000
0001D214
00000001
06030111
00000000
00004C74
0003EE98
00000000
00000000
80000000
00000000
00000000
02000000
02030000
0001D214
00000001
03030000
00010100
