06030100
00000105
0000000A
00000188
00000001
00000000
0001D000
00000030
00003C00
00000000
00000000
00000000
80000000
00000000
00000000
02000000
00000081
00000030
00000000
00000000
00000000
00000000
0001D004
00000000
00000002
00000000
00000000
00000000
00000000
00000000
0001D204
00000000
80000000
00000018
00000001
00000000
0001D020
00000030
00003C00
00000000
00000000
00000000
80000000
00000000
00000000
02000000
00000081
00000030
00000000
00000000
00000000
00000000
0001D024
00000000
00000000
00000000
00000000
00000000
00000000
00000000
0001D214
00000000
00000001
00000018
00000001
00000000
0001D040
00000030
00003C00
00000000
00000000
00000000
80000000
00000000
00000000
02000000
00000081
00000030
00000000
00000000
00000000
00000000
0001D044
00000000
00000001
00000000
00000000
00000000
00000000
00000000
0001D21C
00000000
00000002
00000018
00000080
00000010
00000000
00010100
