06030100
00000105
00000007
00000110
00000001
00000000
0001D000
00000030
00001C00
00000000
00000000
00000000
80000000
00000000
00000000
02000000
00000081
00000030
00000000
00000000
00000000
00000000
0001D004
00000000
00000000
00000000
00000000
00000000
00000000
00000000
0001D214
00000000
00000000
00000018
00000001
00000000
0001D020
00000030
00001C00
00000000
00000000
00000000
80000000
00000000
00000000
02000000
00000081
00000030
00000000
00000000
00000000
00000000
0001D024
00000000
00000001
00000000
00000000
00000000
00000000
00000000
0001D204
00000000
80000001
00000018
00000080
00000010
00000000
00010100
