164 186
242 239
181 75
127 106
239 107
253 116
183 75
180 69
251 174
160 15
223 9
219 90
227 253
242 130
41 156
208 5
148 253
21 241
250 196
239 160
206 227
121 126
47 249
40 225
88 241
35 123
139 117
20 34
242 58
175 179
87 22
26 200
193 97
43 27
137 147
164 62
64 113
246 45
1 162
117 50
142 185
210 199
121 29
171 108
43 192
58 161
148 205
243 188
77 217
19 101
121 226
217 48
173 86
181 127
117 63
37 70
88 40
251 152
225 85
89 196
108 200
108 139
87 81
225 19
162 49
131 137
150 225
76 27
167 100
16 188
50 220
217 158
225 92
119 116
102 180
112 80
250 184
175 99
98 226
243 91
84 183
126 106
24 83
35 198
152 175
161 244
230 151
191 197
230 45
67 98
123 173
86 151
251 51
54 160
110 149
142 180
85 163
148 226
232 54
56 47
164 45
99 142
3 237
111 233
243 140
213 72
149 77
16 243
170 105
55 247
227 140
194 81
190 174
130 115
112 213
216 169
57 134
53 95
198 32
35 112
164 59
10 152
251 141
89 231
244 47
234 53
83 121
82 175
129 87
193 127
125 152
95 247
133 156
253 146
253 231
81 154
77 230
229 210
156 9
73 157
242 217
125 177
188 82
115 103
47 163
209 134
63 134
2 54
159 93
76 157
18 45
140 93
11 235
110 65
34 113
72 25
16 130
72 179
128 171
225 103
231 27
214 166
44 72
8 171
174 133
13 86
226 172
81 105
219 238
66 176
207 220
93 94
250 192
145 183
256 21
176 54
188 112
31 188
161 3
136 105
233 235
180 251
127 234
215 249
24 214
46 119
82 99
173 169
173 46
208 0
228 101
58 167
68 40
224 197
20 92
134 53
55 99
27 112
53 42
9 178
180 220
4 229
47 198
42 3
115 125
165 134
227 214
41 236
35 136
3 162
2 255
224 21
76 38
75 47
189 128
170 8
240 85
210 62
84 78
245 107
91 3
2 22
154 59
237 206
203 238
165 88
9 26
245 181
44 238
124 194
55 9
199 180
185 185
174 63
252 130
142 217
119 67
86 81
244 197
123 34
74 213
208 15
146 175
226 137
182 93
214 197
58 55
173 170
206 95
170 242
210 233
177 195
131 241
135 40
55 230
151 131
177 60
136 141
43 118
139 196
189 58
180 122
35 14
114 246
115 12
63 165
144 186
206 48
36 86
183 98
232 130
35 157
71 2
25 136
103 216
50 33
100 44
206 229
94 167
129 1
171 190
167 148
143 218
72 79
208 223
54 145
91 5
18 219
100 151
143 255
206 221
130 201
197 175
178 101
48 189
123 109
36 27
52 207
43 120
126 227
195 18
41 222
49 33
206 228
30 112
249 215
27 48
1 217
225 102
42 212
193 199
236 71
78 204
17 85
172 188
68 85
194 82
94 18
110 21
171 123
82 230
64 4
24 205
207 236
32 84
127 183
137 72
184 203
182 159
221 218
184 15
26 91
46 94
38 239
169 149
135 144
144 218
202 237
158 76
23 250
117 189
44 151
248 238
142 78
114 107
45 241
62 204
171 209
237 245
18 144
182 221
5 184
37 110
157 181
147 62
234 21
197 162
22 234
60 204
113 48
164 11
193 63
154 76
228 4
47 22
55 157
178 182
7 37
33 163
147 106
209 27
44 171
231 149
253 79
244 41
119 54
89 86
65 91
189 252
225 48
95 177
212 69
61 81
164 89
197 1
243 136
212 139
29 102
133 143
170 153
151 219
220 217
128 30
79 188
127 185
247 146
31 226
28 76
113 137
247 255
247 27
254 17
170 50
214 197
19 134
232 9
55 208
123 160
153 128
78 24
77 22
98 75
213 246
0 81
125 94
10 71
244 212
170 234
184 89
248 210
72 152
44 98
96 134
22 41
85 168
171 166
96 45
223 19
221 247
141 194
122 170
244 231
119 179
96 122
161 178
83 136
183 136
193 13
256 227
133 22
60 104
66 175
14 104
74 191
105 194
102 63
58 6
221 27
44 220
99 66
255 249
57 249
23 225
65 30
254 240
252 85
31 16
248 73
50 174
165 94
253 134
149 170
238 46
107 205
14 154
32 73
147 209
149 89
254 246
164 113
118 158
141 8
97 11
93 33
69 227
135 11
66 209
171 53
206 217
133 117
190 42
93 181
166 23
221 159
198 27
49 70
125 28
180 98
247 171
74 72
200 253
53 50
165 255
114 140
10 202
121 165
10 15
247 94
159 178
198 53
138 14
193 46
6 158
240 206
223 246
64 59
208 197
244 223
95 221
125 45
157 139
233 43
94 4
34 228
210 141
140 1
175 116
71 147
35 154
203 248
108 125
150 241
245 154
50 185
61 36
203 26
142 242
155 24
197 168
163 152
80 231
144 119
202 48
73 127
211 135
190 221
143 164
237 166
256 38
64 254
103 36
234 168
116 37
159 96
51 255
63 36
186 121
10 193
94 110
122 59
160 177
146 253
193 223
74 105
217 215
18 205
179 117
80 176
124 228
44 135
180 39
131 225
0 53
98 83
225 179
49 64
111 224
32 142
82 226
26 184
94 19
219 135
50 220
174 158
243 239
216 196
253 177
108 85
227 25
234 199
184 225
228 177
47 222
39 243
200 51
7 87
253 225
249 107
106 104
58 32
235 225
256 70
55 73
92 15
10 58
123 245
152 218
216 8
213 0
107 182
166 102
214 32
82 229
114 167
232 121
2 233
41 181
70 2
147 152
100 69
17 130
215 156
95 135
189 149
55 108
6 68
27 21
27 158
212 37
98 98
243 160
208 158
137 42
71 242
228 50
244 40
5 211
200 77
211 86
183 216
149 16
3 114
22 80
235 118
47 85
28 200
14 109
34 255
250 246
175 63
58 169
212 224
30 207
8 148
71 81
35 128
2 97
73 172
138 241
3 116
86 153
238 4
2 228
248 225
124 52
23 111
208 242
247 20
54 46
134 198
240 60
247 222
43 194
247 12
142 66
206 52
0 153
225 233
86 210
38 5
53 235
25 125
11 144
133 114
248 73
222 80
231 15
126 213
123 222
252 19
19 202
84 104
74 205
141 167
32 97
181 126
1 73
21 252
195 244
154 139
225 94
13 188
113 256
218 224
132 78
245 52
79 255
5 161
141 194
144 155
134 84
7 70
4 91
192 92
65 225
19 192
232 212
96 90
236 123
77 51
116 138
162 81
54 53
150 229
16 157
189 170
130 211
187 29
239 84
230 31
48 222
167 252
133 5
187 34
133 153
122 124
147 98
119 206
246 200
88 197
228 63
115 25
140 224
236 133
6 126
109 201
77 173
208 96
157 15
106 28
44 217
31 20
23 36
139 248
47 227
210 54
180 103
24 198
67 120
138 192
129 130
248 77
136 115
127 86
146 206
202 228
120 116
175 232
28 57
176 237
32 54
240 133
1 225
131 249
236 159
236 4
7 18
25 111
94 174
138 254
47 118
131 145
208 100
32 64
47 31
37 215
149 143
248 1
132 159
254 6
114 79
214 119
78 210
251 77
161 218
92 22
157 7
218 115
15 123
208 183
216 58
75 1
214 211
127 171
210 126
110 31
145 140
200 140
148 221
167 87
244 238
181 229
88 49
247 37
252 203
77 151
146 155
224 77
97 194
76 116
34 198
181 150
119 141
189 20
19 134
229 39
196 68
160 24
202 45
138 196
192 43
41 227
54 179
216 256
158 155
49 11
252 214
214 112
129 61
40 185
159 52
37 159
178 97
151 30
175 242
67 173
123 93
74 222
186 160
18 69
252 167
47 10
83 159
15 136
177 110
142 159
182 107
25 135
169 64
231 109
37 219
130 111
200 6
152 106
68 98
35 220
156 193
81 160
218 76
195 84
11 92
135 12
79 191
74 66
99 59
205 202
186 206
244 239
202 166
38 26
230 26
203 37
198 129
103 51
230 98
251 107
243 75
18 138
153 163
174 249
233 121
229 43
206 225
181 172
82 7
244 110
220 237
235 194
159 129
247 59
5 125
204 51
31 231
45 17
56 178
151 110
112 26
126 126
228 93
103 31
90 21
6 199
245 118
222 128
139 209
73 130
214 189
76 221
109 0
222 111
182 5
23 230
193 172
107 118
58 74
16 165
194 15
254 40
158 108
34 252
144 213
30 9
44 174
89 234
142 229
75 216
28 109
36 205
75 65
249 7
229 54
236 200
215 113
222 224
220 228
218 141
86 113
109 80
112 67
129 94
8 101
36 161
248 161
119 114
119 88
216 101
222 146
30 1
208 218
16 58
229 149
71 167
9 236
210 236
176 202
6 91
197 210
145 103
246 243
237 119
54 97
51 1
45 147
149 74
236 182
143 117
144 9
173 22
243 113
4 189
165 251
2 51
197 25
4 124
61 94
205 39
2 94
118 185
182 173
175 168
13 53
247 203
229 43
243 45
68 151
39 44
143 171
83 202
62 253
202 242
210 97
33 130
31 135
196 210
7 16
199 59
226 50
134 141
69 241
24 123
137 139
30 145
87 230
216 169
106 7
158 177
233 159
193 70
147 67
244 6
191 181
213 229
117 96
10 154
98 115
31 123
130 33
84 24
3 110
55 251
117 182
193 38
32 27
249 157
201 0
93 96
55 102
72 70
49 28
71 160
95 233
14 91
164 162
193 69
240 223
251 249
54 199
42 245
0 151
53 227
113 184
123 61
128 158
74 205
51 96
246 252
82 254
33 182
164 82
174 67
23 178
133 195
185 113
32 33
109 133
234 47
105 129
23 17
197 240
201 187
54 178
243 82
232 55
162 101
213 0
230 4
50 40
190 243
77 74
25 116
70 14
215 166
127 148
186 31
239 243
52 234
172 250
182 222
182 214
145 52
111 57
200 30
217 91
40 35
227 188
65 98
138 255
164 42
114 182
123 173
156 244
208 46
47 211
150 123
63 56
158 248
96 219
256 185
124 94
1 68
160 44
75 28
83 31
32 115
69 250
203 236
171 32
23 153
65 136
58 35
73 203
205 74
234 190
71 160
209 180
10 215
118 19
110 120
203 83
0 93
224 175
10 0
193 190
11 161
192 7
132 55
85 57
137 19
29 247
233 156
90 202
15 251
23 104
235 176
222 225
30 3
105 207
76 118
14 11
58 53
183 167
235 75
48 53
156 104
163 137
184 39
2 228
42 197
42 204
134 124
37 92
80 26
68 2
195 137
41 19
89 169
53 177
83 80
3 232
69 99
98 179
216 170
10 15
213 103
69 115
8 6
7 82
248 172
114 139
205 173
201 202
68 59
178 68
108 118
39 6
35 44
239 204
45 93
148 10
18 225
244 178
103 222
99 247
203 14
209 168
178 147
109 239
230 69
255 204
131 213
5 193
47 187
55 54
226 233
212 231
141 74
111 88
196 81
66 169
90 119
214 15
23 243
103 85
76 21
34 209
130 12
79 121
251 201
55 91
21 33
126 28
221 244
57 192
177 207
94 28
15 220
196 9
13 60
22 149
227 161
6 59
193 149
221 169
214 213
180 27
245 181
77 113
149 235
92 67
79 210
100 175
113 107
66 191
5 176
52 146
37 116
189 48
187 195
79 152
19 43
116 207
111 47
97 39
125 24
124 225
126 8
13 256
150 224
133 140
90 101
148 132
51 32
12 211
60 93
216 174
126 248
72 48
117 5
32 114
116 22
210 79
104 18
5 108
51 129
217 54
75 150
191 29
245 94
155 57
183 37
35 4
203 20
42 219
115 137
72 128
15 79
237 82
132 136
99 163
253 237
150 49
252 20
44 256
20 213
236 199
67 67
4 92
31 180
256 142
13 177
38 96
177 173
139 35
125 87
217 43
158 93
195 202
38 7
117 72
170 196
6 100
171 159
119 182
205 24
245 87
27 233
198 154
254 89
205 221
13 139
204 72
150 136
155 152
131 0
163 38
10 131
74 2
237 68
175 144
152 86
234 165
88 94
154 213
239 70
11 15
155 86
165 9
213 28
98 96
128 186
240 246
71 4
104 119
115 152
22 247
173 135
64 145
209 82
100 7
229 2
160 211
123 152
0 186
225 109
210 256
9 119
32 50
30 25
68 232
198 124
3 43
112 234
74 18
91 161
74 133
230 153
36 164
154 92
218 247
230 143
196 146
125 121
68 186
126 170
12 252
25 204
71 114
255 79
209 55
218 115
127 20
118 109
61 113
243 125
35 29
14 205
54 142
246 53
249 2
11 99
6 165
240 90
52 126
16 189
216 106
104 71
123 210
45 154
176 126
171 117
89 157
141 102
208 49
188 234
131 176
68 130
147 166
250 31
59 146
84 10
107 243
93 46
45 53
11 197
47 115
218 111
151 162
221 236
253 16
12 147
162 236
60 121
197 55
166 132
220 183
91 42
248 211
216 99
236 110
216 253
224 12
139 29
243 35
7 22
21 173
196 193
6 100
249 105
115 4
125 19
7 244
256 19
242 80
221 44
91 127
178 227
130 37
10 215
256 84
52 201
97 241
51 247
58 26
57 32
159 206
171 83
196 13
175 69
228 64
226 154
36 118
40 58
76 25
82 232
130 136
205 77
185 69
111 155
231 76
20 159
84 84
234 2
170 129
173 197
79 89
159 201
1 51
6 181
254 44
250 57
217 133
45 68
146 244
175 61
183 95
93 251
110 240
215 67
181 201
65 217
89 111
0 253
65 59
92 91
188 102
167 64
214 243
109 237
225 178
139 243
153 128
228 61
138 169
33 172
126 15
126 165
69 120
59 16
102 68
137 50
117 222
148 171
140 85
73 146
141 100
75 52
215 192
94 70
80 83
189 46
250 173
245 123
231 68
173 29
55 231
244 46
78 210
42 220
168 125
56 64
191 221
247 55
161 33
26 96
4 136
214 124
162 176
37 63
159 29
11 140
219 239
250 115
176 7
45 132
56 64
16 94
103 83
227 189
60 147
81 49
61 40
212 91
110 165
252 155
182 252
150 75
90 185
141 44
215 67
218 196
115 149
117 51
206 57
170 145
59 69
158 69
42 115
244 155
139 62
29 21
214 80
209 70
219 2
167 188
82 224
104 176
44 69
155 209
175 29
174 44
40 122
232 103
15 145
59 68
27 36
205 151
237 156
246 64
194 4
31 199
200 254
15 184
51 85
103 115
39 221
142 187
51 223
108 107
197 230
9 145
36 198
136 214
116 59
68 148
76 246
236 45
246 149
41 29
72 227
119 86
117 171
255 206
38 241
60 155
150 7
105 94
223 21
78 3
56 204
115 189
195 240
214 142
43 33
66 21
122 131
92 88
108 95
190 169
255 252
181 87
239 119
130 21
191 240
117 38
54 159
120 189
248 250
167 227
70 97
211 213
199 112
7 49
128 60
13 174
241 160
89 112
124 231
43 53
152 154
51 92
137 3
115 138
75 213
69 115
212 66
0 141
178 207
55 77
12 22
198 102
252 157
175 234
133 195
138 175
55 233
45 194
92 145
218 150
237 185
198 222
240 35
56 251
238 25
48 177
47 201
69 49
200 227
182 239
163 126
37 75
142 202
203 244
7 139
229 13
88 237
176 187
233 148
60 46
186 142
138 252
163 233
135 217
152 172
131 70
86 228
156 95
94 58
198 50
191 212
22 128
30 165
163 54
34 173
96 111
18 221
226 26
155 16
231 22
242 145
169 118
238 117
71 112
10 4
242 98
150 44
54 130
179 120
105 224
97 234
231 23
15 81
7 96
221 164
219 78
16 237
61 221
55 207
17 251
189 165
159 214
219 201
30 31
100 234
123 183
217 64
173 190
62 123
128 60
251 211
7 207
162 247
172 33
113 36
246 225
241 165
206 5
184 108
18 157
89 253
55 156
140 175
204 66
166 69
14 46
42 68
177 162
189 193
50 10
26 171
131 147
218 46
115 99
55 20
220 77
210 229
23 142
34 159
160 96
104 74
13 134
102 102
185 158
58 174
136 239
130 146
69 13
157 152
184 232
133 187
141 219
250 204
34 121
34 84
228 71
110 109
5 6
46 212
9 253
234 113
220 204
252 64
128 146
134 7
234 70
250 220
244 231
206 182
149 189
16 214
83 78
210 11
227 215
77 139
118 10
16 97
208 205
203 169
18 107
36 136
20 7
171 1
120 231
244 132
157 168
35 223
1 24
145 141
167 42
92 239
86 147
8 180
218 220
30 201
103 171
155 72
209 59
133 9
232 17
155 187
160 86
113 0
87 173
203 134
89 38
193 53
153 162
30 194
16 43
174 202
153 180
18 148
223 212
69 116
213 72
130 138
15 211
180 4
88 188
180 1
234 21
79 116
55 6
198 188
231 145
116 140
245 121
34 204
67 165
106 75
65 127
235 211
162 107
199 106
79 187
136 47
192 35
248 39
33 183
77 29
96 209
30 255
99 32
77 164
121 140
98 105
210 127
9 256
199 91
6 176
223 59
43 159
232 92
159 29
256 48
132 221
237 138
97 19
175 151
152 4
175 126
246 63
247 198
46 102
190 143
145 13
142 170
122 175
49 240
65 68
107 219
213 149
109 198
77 183
120 6
240 113
118 194
169 14
16 197
162 179
180 211
62 135
53 235
0 5
171 248
247 230
185 21
102 172
167 196
239 29
47 64
244 186
115 121
251 223
135 71
62 66
180 223
174 18
193 127
176 145
67 104
219 59
82 216
26 69
126 9
236 228
167 37
91 249
5 111
32 199
96 168
83 16
102 134
213 53
217 67
167 24
111 59
61 100
101 127
183 45
113 105
132 233
229 85
60 47
51 136
197 255
248 6
256 250
148 250
231 132
68 86
201 133
66 174
170 38
137 5
119 171
188 195
9 103
216 63
17 81
140 192
231 238
186 215
148 38
228 253
233 255
151 68
120 113
179 253
256 247
80 239
48 17
50 74
223 193
104 24
15 70
85 53
175 63
149 95
52 244
233 218
6 242
188 50
17 62
175 136
93 142
237 27
178 196
102 243
58 88
164 195
111 207
141 245
220 110
161 17
195 209
248 47
198 12
244 94
173 124
12 233
9 112
250 52
36 83
214 38
35 221
36 86
226 157
84 153
177 90
131 80
127 213
239 160
113 91
197 149
253 152
155 49
54 92
250 143
62 219
239 204
236 130
10 220
169 232
141 55
155 231
95 139
20 23
148 211
138 14
132 41
197 252
169 200
173 214
46 152
126 134
174 253
164 216
250 198
64 180
186 182
67 185
251 93
97 244
99 73
245 161
171 126
175 144
117 12
