1.533472E+01
1.814391E+01
1.255052E+01
1.607565E+01
1.533077E+01
1.466924E+01
1.431974E+01
1.317171E+01
1.754622E+01
1.546854E+01
1.390177E+01
2.266232E+01
1.673784E+01
1.438766E+01
2.312657E+01
1.515907E+01
1.872452E+01
1.503122E+01
1.312155E+01
1.336823E+01
1.371704E+01
1.527471E+01
2.738374E+01
1.504654E+01
5.405344E+01
1.182488E+01
1.456949E+01
1.443890E+01
1.476364E+01
1.217220E+01
1.232832E+01
1.369776E+01
2.043078E+01
1.592168E+01
1.353618E+01
1.696942E+01
1.515489E+01
1.187997E+01
1.608266E+01
1.531999E+01
1.338872E+01
1.336643E+01
1.245517E+01
1.169394E+01
1.344879E+01
2.034644E+01
1.634511E+01
1.779376E+01
1.556551E+01
1.121334E+01
1.380398E+01
1.143884E+01
1.686255E+01
1.419222E+01
1.230265E+01
1.857289E+01
7.248711E+00
1.332847E+01
1.484418E+01
1.627476E+01
1.327263E+01
1.932372E+01
1.316471E+01
1.890007E+01
1.179839E+01
1.553086E+01
1.274986E+01
1.692803E+01
1.295175E+01
1.277961E+01
1.073802E+01
1.368433E+01
1.594999E+01
1.051910E+01
1.327467E+01
1.603807E+01
1.745513E+01
2.116212E+01
1.359147E+01
1.494152E+01
1.124141E+01
1.887561E+01
1.076985E+01
1.285598E+01
1.172231E+01
1.167333E+01
1.434625E+01
1.360947E+01
1.392956E+01
1.440308E+01
1.154789E+01
1.488098E+01
1.516363E+01
1.136750E+01
1.520737E+01
1.610860E+01
1.451160E+01
1.762430E+01
1.373607E+01
1.746962E+01
1.355237E+01
1.865269E+01
1.513048E+01
1.179577E+01
1.529955E+01
1.272985E+01
1.379078E+01
1.247892E+01
1.530515E+01
1.487250E+01
1.990562E+01
1.448307E+01
1.814171E+01
1.757492E+01
9.457147E+00
1.366460E+01
1.582923E+01
1.814671E+01
1.575453E+01
1.038246E+01
1.263676E+01
1.725515E+01
1.514726E+01
1.262852E+01
1.049865E+01
1.322317E+01
2.022257E+01
1.553859E+01
1.435549E+01
1.724813E+01
1.672379E+01
1.534957E+01
1.336745E+01
1.400173E+01
1.467187E+01
1.523024E+01
1.758091E+01
1.662989E+01
2.293367E+01
1.456467E+01
1.121761E+01
2.419901E+01
1.293948E+01
1.606567E+01
1.122889E+01
1.528822E+01
1.176530E+01
1.097073E+01
1.798307E+01
1.385777E+01
1.744833E+01
1.536162E+01
1.638157E+01
1.275353E+01
1.341068E+01
2.022794E+01
1.483373E+01
1.293396E+01
1.441642E+01
1.208473E+01
1.358260E+01
1.223526E+01
1.231274E+01
1.220263E+01
1.392083E+01
1.369628E+01
1.244257E+01
1.389810E+01
1.126131E+01
1.577472E+01
1.310549E+01
1.214622E+01
1.291290E+01
1.384765E+01
1.011794E+01
1.820586E+01
1.470908E+01
1.388619E+01
1.780268E+01
1.411292E+01
1.939295E+01
1.238159E+01
1.247774E+01
1.595401E+01
1.413633E+01
1.296316E+01
1.734128E+01
1.294637E+01
2.628755E+01
1.572789E+01
1.566279E+01
1.425679E+01
1.033031E+01
1.300156E+01
1.306793E+01
1.245426E+01
2.122538E+01
1.248353E+01
2.339865E+01
1.905985E+01
1.575154E+01
1.305370E+01
1.079217E+01
1.508069E+01
1.870519E+01
1.512633E+01
1.832427E+01
1.568382E+01
2.049909E+01
1.014485E+01
1.313374E+01
1.438758E+01
1.227111E+01
1.384569E+01
1.601132E+01
2.108789E+01
1.210395E+01
1.272749E+01
1.272182E+01
1.413226E+01
1.227942E+01
1.719299E+01
1.148892E+01
1.332152E+01
1.148938E+01
1.220476E+01
1.130565E+01
1.150849E+01
1.158779E+01
1.395263E+01
1.676511E+01
1.620027E+01
1.156769E+01
1.340537E+01
1.812553E+01
2.150219E+01
1.172226E+01
1.360570E+01
1.901672E+01
1.278249E+01
1.572654E+01
1.458895E+01
1.665674E+01
1.466769E+01
1.363186E+01
1.893170E+01
2.708129E+01
1.230719E+01
1.586017E+01
1.964079E+01
1.272460E+01
1.370540E+01
1.619038E+01
1.213447E+01
2.066423E+01
1.886649E+01
1.226105E+01
1.302475E+01
1.343724E+01
1.229727E+01
2.179816E+01
1.321566E+01
1.661408E+01
1.182493E+01
2.057988E+01
1.158242E+01
1.371145E+01
1.319770E+01
1.263573E+01
1.294187E+01
1.689018E+01
1.254416E+01
1.101138E+01
1.607298E+01
1.141822E+01
1.813705E+01
1.600903E+01
2.082240E+01
2.150269E+01
1.444656E+01
1.137153E+01
1.275758E+01
1.526633E+01
1.333024E+01
1.378309E+01
1.446196E+01
1.323439E+01
1.317695E+01
1.797753E+01
1.162552E+01
1.493934E+01
1.521473E+01
1.718094E+01
1.654242E+01
2.496711E+01
1.797222E+01
1.446008E+01
1.104668E+01
1.384001E+01
1.647335E+01
1.365055E+01
2.368721E+01
1.154908E+01
1.640246E+01
1.645122E+01
1.735488E+01
1.605245E+01
1.307035E+01
2.543825E+01
1.270341E+01
1.578752E+01
1.686419E+01
1.361083E+01
1.908792E+01
1.858616E+01
1.510200E+01
1.731569E+01
1.624807E+01
1.995885E+01
1.462461E+01
1.198758E+01
1.327027E+01
1.498303E+01
1.301440E+01
1.315820E+01
1.895952E+01
1.299493E+01
2.314216E+01
1.007643E+01
1.116562E+01
1.178958E+01
1.646562E+01
1.413559E+01
1.459375E+01
1.147106E+01
1.520702E+01
1.495137E+01
1.561608E+01
1.713580E+01
1.286351E+01
1.351823E+01
1.279452E+01
1.930113E+01
1.133093E+01
1.620238E+01
1.736146E+01
1.163373E+01
1.386732E+01
1.717528E+01
1.445660E+01
1.738123E+01
1.229674E+01
2.011330E+01
1.487763E+01
1.333558E+01
2.016530E+01
1.665877E+01
1.244451E+01
1.442402E+01
1.776628E+01
1.081267E+01
1.303719E+01
1.173961E+01
1.546549E+01
1.410270E+01
1.345384E+01
1.509779E+01
1.393267E+01
1.619849E+01
1.630572E+01
1.419011E+01
1.147953E+01
1.820335E+01
1.159954E+01
1.252479E+01
1.902346E+01
1.531662E+01
1.765198E+01
1.772606E+01
1.511342E+01
1.305553E+01
1.535701E+01
1.180829E+01
1.432905E+01
1.363434E+01
1.336385E+01
1.266855E+01
1.537257E+01
1.003547E+01
1.398735E+01
1.357741E+01
1.626841E+01
1.869056E+01
1.614500E+01
1.399491E+01
1.190102E+01
1.569702E+01
1.876506E+01
2.610939E+01
1.493273E+01
1.534673E+01
1.177485E+01
1.110008E+01
1.221988E+01
2.051769E+01
1.530760E+01
1.139692E+01
1.301619E+01
1.285245E+01
1.570153E+01
1.567523E+01
1.465800E+01
1.923823E+01
1.744964E+01
1.525046E+01
1.502847E+01
1.244317E+01
1.103580E+01
1.818976E+01
1.510065E+01
1.212527E+01
1.585842E+01
1.627213E+01
1.511876E+01
1.274984E+01
1.430751E+01
1.312286E+01
1.382488E+01
1.369213E+01
1.380924E+01
1.497846E+01
1.776562E+01
1.959105E+01
1.317163E+01
1.840431E+01
1.583158E+01
1.364959E+01
2.661727E+01
1.822150E+01
1.504641E+01
2.303500E+01
1.721594E+01
1.662068E+01
1.910352E+01
1.238157E+01
1.680633E+01
1.005882E+01
1.462384E+01
1.914066E+01
1.999713E+01
1.771968E+01
1.334890E+01
1.524730E+01
2.251857E+01
1.408007E+01
1.497687E+01
1.187438E+01
1.200362E+01
1.287331E+01
1.621931E+01
1.472203E+01
1.068788E+01
2.286266E+01
1.762688E+01
1.132957E+01
1.356382E+01
1.394623E+01
1.342246E+01
2.420295E+01
1.459544E+01
1.191269E+01
1.398510E+01
1.814412E+01
1.198718E+01
2.608847E+01
1.867632E+01
1.215330E+01
1.823509E+01
1.149976E+01
1.367867E+01
1.114680E+01
1.411412E+01
1.961869E+01
2.417257E+01
1.522315E+01
1.579434E+01
1.444462E+01
1.912927E+01
1.354647E+01
1.565698E+01
1.712980E+01
1.552460E+01
1.575154E+01
1.611700E+01
1.256548E+01
1.380570E+01
1.756290E+01
1.195082E+01
1.583561E+01
2.139402E+01
1.929075E+01
1.428585E+01
1.541274E+01
1.356442E+01
1.288583E+01
1.467246E+01
1.698231E+01
1.441242E+01
1.532725E+01
1.665618E+01
1.403032E+01
1.159143E+01
1.415120E+01
1.565142E+01
1.218532E+01
1.573330E+01
1.747274E+01
1.320154E+01
1.373549E+01
1.164594E+01
1.938912E+01
1.817345E+01
1.791487E+01
1.611329E+01
1.455186E+01
1.496955E+01
1.618459E+01
1.597774E+01
1.949396E+01
2.160230E+01
1.212180E+01
1.352009E+01
1.615789E+01
1.384557E+01
3.334680E+01
1.327435E+01
4.745132E+01
1.391605E+01
1.258206E+01
1.517525E+01
1.789402E+01
1.294358E+01
1.634662E+01
1.675371E+01
2.343980E+01
1.192123E+01
1.503081E+01
2.064468E+01
1.503554E+01
1.517359E+01
2.146127E+01
1.296802E+01
1.434864E+01
2.155850E+01
1.169820E+01
1.232905E+01
1.218489E+01
1.477680E+01
1.522573E+01
2.338503E+01
1.361027E+01
1.374659E+01
1.218521E+01
2.039057E+01
1.560467E+01
1.751601E+01
1.856315E+01
1.446416E+01
8.235179E+00
1.619584E+01
1.131517E+01
1.627277E+01
1.406653E+01
1.638872E+01
1.444715E+01
1.229724E+01
1.205997E+01
1.570459E+01
1.411961E+01
1.124779E+01
1.365115E+01
1.499621E+01
1.504773E+01
1.237654E+01
2.201233E+01
1.334009E+01
1.335982E+01
1.202841E+01
1.957150E+01
2.202582E+01
3.138373E+01
1.455932E+01
1.499506E+01
1.606599E+01
1.927167E+01
2.049122E+01
1.209235E+01
1.428441E+01
1.254850E+01
1.742649E+01
1.845248E+01
1.286234E+01
1.553439E+01
1.377104E+01
1.517634E+01
1.602567E+01
1.955319E+01
1.352526E+01
1.386608E+01
1.908665E+01
1.325780E+01
1.533248E+01
1.427841E+01
1.232493E+01
1.746175E+01
1.296907E+01
1.449013E+01
1.464562E+01
1.572586E+01
1.316039E+01
1.420983E+01
1.281685E+01
1.660700E+01
1.877241E+01
1.378110E+01
1.622588E+01
1.243667E+01
1.733298E+01
1.452120E+01
1.466189E+01
1.997362E+01
1.289388E+01
1.394953E+01
1.039494E+01
1.825181E+01
1.729530E+01
1.542969E+01
1.793476E+01
1.269976E+01
1.666994E+01
1.517923E+01
1.749932E+01
1.381535E+01
1.533356E+01
1.375995E+01
1.525093E+01
1.323009E+01
1.736612E+01
2.406010E+01
1.742015E+01
1.656337E+01
1.601083E+01
2.009821E+01
1.492750E+01
1.565727E+01
1.619032E+01
1.611411E+01
1.592947E+01
1.337333E+01
1.263617E+01
1.384383E+01
1.314026E+01
1.351359E+01
1.732937E+01
1.328271E+01
1.431465E+01
1.245445E+01
2.423290E+01
1.487250E+01
1.521613E+01
1.470253E+01
1.716343E+01
1.726274E+01
1.489969E+01
1.419398E+01
1.516187E+01
1.573412E+01
1.244459E+01
1.414440E+01
1.202063E+01
1.126105E+01
1.700530E+01
1.769082E+01
1.701883E+01
1.295870E+01
1.606517E+01
1.636150E+01
1.736401E+01
1.517263E+01
1.159022E+01
2.669027E+01
1.536390E+01
1.585720E+01
1.630475E+01
1.219842E+01
2.294530E+01
1.546755E+01
1.334710E+01
1.889738E+01
1.388267E+01
2.622186E+01
1.670364E+01
1.605099E+01
1.406768E+01
1.096700E+01
1.054366E+01
1.325439E+01
1.212504E+01
2.240489E+01
1.126595E+01
1.443241E+01
1.809212E+01
1.630503E+01
2.438437E+01
1.139809E+01
1.434859E+01
1.860148E+01
1.533831E+01
1.519137E+01
1.652450E+01
1.691849E+01
1.869974E+01
9.175404E+00
1.726628E+01
1.288416E+01
1.660818E+01
1.131490E+01
1.128831E+01
1.157259E+01
1.482524E+01
1.405364E+01
1.352714E+01
1.495574E+01
1.593647E+01
1.505492E+01
1.277934E+01
1.660549E+01
1.460721E+01
1.225180E+01
1.008306E+01
1.024822E+01
1.435219E+01
1.543874E+01
1.402640E+01
1.247071E+01
1.423258E+01
1.922330E+01
2.023807E+01
1.503082E+01
1.877014E+01
1.740209E+01
1.813187E+01
1.417452E+01
1.558452E+01
1.485528E+01
1.273390E+01
1.300048E+01
1.479602E+01
3.040521E+01
1.301671E+01
1.227730E+01
2.044591E+01
1.258189E+01
1.671064E+01
1.162267E+01
1.384516E+01
2.069273E+01
2.337561E+01
1.573778E+01
1.285802E+01
1.577444E+01
1.144761E+01
1.317073E+01
1.521178E+01
1.880974E+01
1.154025E+01
1.664357E+01
1.961327E+01
1.238413E+01
1.378270E+01
1.101298E+01
1.274114E+01
1.694774E+01
1.539499E+01
1.165237E+01
1.776972E+01
1.536246E+01
1.714878E+01
1.543754E+01
1.693961E+01
1.121363E+01
1.242954E+01
1.327662E+01
1.381776E+01
1.497803E+01
1.206713E+01
1.624296E+01
1.162117E+01
1.519012E+01
1.574763E+01
1.508272E+01
1.325619E+01
1.442565E+01
1.603758E+01
1.531454E+01
1.359512E+01
2.583253E+01
1.665963E+01
1.309109E+01
1.390280E+01
1.234398E+01
1.240038E+01
2.107731E+01
1.279317E+01
1.228369E+01
1.967579E+01
1.197207E+01
1.327592E+01
1.326704E+01
1.490372E+01
1.548626E+01
1.495336E+01
1.563610E+01
2.077466E+01
1.572569E+01
1.235192E+01
1.981517E+01
1.112290E+01
1.102446E+01
1.343304E+01
1.498363E+01
2.473737E+01
1.328379E+01
1.404033E+01
1.217140E+01
1.922879E+01
1.366060E+01
2.202700E+01
1.375009E+01
1.841461E+01
1.076148E+01
1.557629E+01
1.337762E+01
1.567233E+01
1.975574E+01
1.597427E+01
1.278193E+01
1.624689E+01
9.909674E+00
1.385976E+01
1.290548E+01
1.444961E+01
1.317414E+01
1.743891E+01
1.152923E+01
1.085655E+01
1.525066E+01
1.703520E+01
1.343896E+01
1.629465E+01
1.192714E+01
2.589274E+01
2.343097E+01
1.088990E+01
1.613661E+01
1.419019E+01
1.328964E+01
1.919072E+01
1.998804E+01
1.354941E+01
1.315937E+01
1.681902E+01
1.242149E+01
1.315798E+01
1.679940E+01
1.412775E+01
1.578806E+01
1.393465E+01
1.391399E+01
1.340808E+01
1.450224E+01
1.289826E+01
1.654486E+01
1.261371E+01
1.428690E+01
1.609399E+01
1.188612E+01
1.870539E+01
1.799534E+01
1.197954E+01
1.785539E+01
1.341097E+01
1.592661E+01
1.440424E+01
1.851776E+01
1.453154E+01
1.234826E+01
1.261758E+01
1.344391E+01
1.573316E+01
2.157700E+01
1.303854E+01
1.276237E+01
1.342350E+01
2.091479E+01
1.823916E+01
1.392323E+01
1.347173E+01
1.349216E+01
1.506814E+01
2.880219E+01
1.240419E+01
1.604796E+01
1.184066E+01
1.374474E+01
1.752016E+01
1.498853E+01
1.024381E+01
1.536853E+01
1.281144E+01
1.474820E+01
1.690336E+01
2.231908E+01
1.593779E+01
1.944533E+01
1.254085E+01
1.769712E+01
1.277419E+01
1.676762E+01
1.594526E+01
1.498324E+01
1.571938E+01
1.101563E+01
1.393529E+01
1.435427E+01
1.608631E+01
1.409326E+01
1.398360E+01
1.558910E+01
1.441772E+01
1.515421E+01
1.063777E+01
1.073768E+01
1.431267E+01
1.547711E+01
1.601518E+01
1.676061E+01
1.043916E+01
1.351299E+01
1.646801E+01
1.330306E+01
1.836414E+01
1.302851E+01
1.141865E+01
1.793593E+01
1.852142E+01
1.382998E+01
1.158126E+01
1.690003E+01
1.538879E+01
1.462185E+01
2.409195E+01
1.870864E+01
1.525084E+01
1.241247E+01
1.531832E+01
1.056403E+01
1.478940E+01
1.638317E+01
1.368282E+01
1.542120E+01
1.574241E+01
1.523561E+01
1.193531E+01
3.388414E+01
1.563557E+01
1.446553E+01
1.240009E+01
1.320578E+01
1.828301E+01
2.358311E+01
1.649111E+01
1.253521E+01
1.546810E+01
1.476111E+01
1.210786E+01
2.799246E+01
2.101886E+01
1.439805E+01
1.365075E+01
1.417657E+01
1.235667E+01
1.446108E+01
1.327365E+01
1.344923E+01
1.940446E+01
1.096624E+01
1.462236E+01
1.803650E+01
1.254517E+01
1.371924E+01
1.659805E+01
1.767274E+01
1.018625E+01
1.642695E+01
2.386974E+01
1.486971E+01
1.494062E+01
1.336805E+01
1.257882E+01
1.515160E+01
1.588292E+01
1.180660E+01
1.693892E+01
1.481504E+01
1.323033E+01
1.146350E+01
1.787568E+01
1.703208E+01
1.457241E+01
1.604441E+01
1.858797E+01
1.603212E+01
1.420313E+01
