3.945536E-08
6.269578E-06
1.371531E-07
2.644127E-08
3.595670E-06
1.856614E-09
8.991287E-08
2.356340E-10
2.802525E-08
6.492055E-10
5.231680E-09
2.328996E-08
2.707832E-08
2.728482E-08
1.377693E-09
1.439682E-06
5.141244E-06
4.653464E-07
9.459727E-07
5.823666E-08
1.011812E-08
1.314371E-09
1.155298E-09
3.724552E-08
8.678390E-07
4.618237E-09
2.670269E-08
1.030316E-06
6.817284E-09
3.597844E-10
8.053311E-09
1.565592E-07
9.240853E-04
6.777094E-09
2.200177E-07
3.530730E-06
9.435665E-08
3.068281E-07
1.609818E-08
1.257475E-07
3.141986E-08
1.198000E-08
5.299960E-08
8.829414E-08
1.419351E-07
2.646689E-07
7.196395E-09
2.248004E-08
6.620418E-09
1.854056E-08
9.848939E-09
2.140037E-09
8.612317E-09
5.786358E-06
1.630937E-07
3.592326E-09
1.413197E-09
7.238368E-09
2.259654E-06
9.615818E-09
1.243663E-07
7.541542E-09
3.447698E-08
3.188682E-09
7.755345E-06
5.564872E-08
3.803600E-09
3.449485E-09
1.545839E-09
1.915098E-07
5.149451E-09
3.402358E-06
1.074649E-08
2.419391E-08
6.062715E-08
3.518830E-08
1.803845E-10
7.436706E-10
2.524704E-08
1.721422E-07
1.010570E-06
5.050796E-09
3.285693E-06
1.951110E-06
1.032718E-07
2.636821E-07
4.366502E-08
3.373742E-07
1.473749E-08
4.968790E-10
2.788814E-09
3.616783E-08
2.244420E-06
2.475304E-09
1.386468E-07
1.186441E-10
3.896558E-08
9.665963E-09
2.437547E-09
1.897918E-09
3.739850E-06
8.622540E-09
1.135768E-06
4.536062E-07
3.367167E-06
3.168370E-07
1.038899E-08
3.924654E-05
6.690438E-09
4.706883E-08
3.814132E-06
2.147610E-07
5.969641E-09
1.315786E-08
1.661698E-09
1.749412E-08
4.396696E-08
1.170657E-08
5.371739E-08
2.642453E-08
2.306261E-07
7.143716E-09
2.078001E-08
2.065518E-07
1.642652E-09
6.462294E-06
4.993783E-08
5.243001E-08
3.296438E-07
3.083778E-08
1.262603E-07
1.421952E-07
8.355902E-08
1.193775E-06
1.476461E-08
7.199694E-08
4.159129E-08
5.358955E-09
4.340346E-08
2.617988E-11
1.526226E-07
4.101196E-09
2.479341E-08
7.319373E-10
6.867759E-07
6.913515E-09
3.040345E-07
2.227527E-10
9.985949E-01
6.611143E-09
9.932404E-06
2.154158E-08
7.662178E-08
1.061912E-08
3.548314E-09
1.222795E-08
4.688327E-08
8.742415E-10
5.071914E-07
8.818473E-06
2.826773E-09
1.433461E-08
1.604243E-08
1.993400E-08
9.092677E-08
8.489103E-09
1.692591E-07
7.041302E-08
1.214610E-08
4.123887E-06
2.606804E-07
1.210967E-08
3.621760E-08
1.991119E-05
1.376323E-08
5.567215E-09
7.626317E-10
2.554554E-07
2.922509E-08
1.548406E-07
1.563813E-06
3.634331E-09
8.660189E-08
4.230168E-05
1.014825E-08
1.188041E-08
2.691226E-07
2.468059E-07
1.767383E-07
2.223293E-08
8.401128E-08
9.226472E-10
4.446309E-08
1.741702E-07
3.379735E-07
1.732824E-06
1.247101E-06
2.648665E-06
4.389865E-09
1.520182E-08
8.692401E-10
1.036027E-05
2.328071E-04
1.492470E-07
6.548220E-07
1.938052E-08
1.174661E-08
2.946724E-07
4.519804E-07
2.388414E-08
1.886337E-09
1.175315E-08
6.431366E-07
2.272247E-05
1.030876E-05
5.295411E-05
1.156902E-06
1.231083E-07
5.917988E-06
7.057070E-09
7.022944E-07
1.644367E-08
8.491439E-08
1.376498E-05
5.655496E-07
3.229245E-08
2.752565E-07
5.356066E-08
5.302184E-08
6.806669E-09
4.588096E-05
1.102468E-07
4.900136E-05
1.111122E-06
2.997309E-08
2.584256E-08
1.675208E-08
4.383182E-08
4.750738E-07
3.532818E-08
7.046542E-08
2.108740E-07
9.645029E-08
7.777953E-09
1.842651E-08
2.397620E-07
3.703566E-06
1.859829E-08
8.506422E-07
1.498863E-07
8.601401E-07
3.811016E-08
8.941811E-08
2.416695E-06
5.552022E-08
1.504409E-09
5.926773E-07
9.398521E-08
5.389353E-07
3.769613E-08
4.207955E-08
9.455538E-08
7.331340E-08
2.207983E-08
1.842078E-07
1.612170E-07
4.934013E-08
9.069840E-06
3.428037E-07
4.290833E-09
3.756622E-08
4.536548E-08
2.737836E-07
1.923058E-08
1.134637E-07
1.829623E-08
1.321339E-09
2.286616E-09
2.950183E-05
7.827198E-09
4.797823E-08
2.924371E-08
1.021999E-07
1.253078E-07
2.846863E-09
6.735737E-06
1.083487E-07
3.697166E-09
3.201256E-08
1.165654E-06
5.757355E-08
9.106632E-08
7.860911E-08
2.464142E-06
2.264400E-06
3.796281E-08
2.110759E-05
5.985432E-07
1.055300E-08
3.787857E-07
7.268504E-08
4.689203E-08
1.656278E-07
6.801718E-07
1.837025E-09
8.431242E-08
5.995055E-06
2.408447E-06
3.288373E-08
8.056372E-08
5.846082E-07
9.544276E-10
1.244553E-08
4.899418E-08
2.123354E-06
9.808864E-08
1.123661E-07
2.644470E-06
6.290690E-08
1.832488E-05
2.400787E-06
9.885622E-05
9.143398E-10
4.520543E-08
2.441600E-07
5.733050E-08
1.654699E-07
1.337391E-06
4.052874E-09
3.181180E-07
3.449065E-08
1.538871E-08
7.653556E-09
3.870826E-07
5.934055E-08
2.071244E-07
3.411032E-10
3.997088E-06
1.628810E-06
4.837063E-06
3.224253E-08
6.000698E-07
2.247569E-06
7.545589E-08
2.990388E-08
4.659141E-08
3.691233E-05
5.275832E-07
1.685551E-08
6.961907E-09
6.272155E-08
9.303889E-07
8.173270E-07
8.025832E-09
1.288809E-08
1.055807E-08
2.840509E-07
5.324815E-08
2.128745E-06
4.328747E-08
5.232507E-06
6.849088E-08
9.983379E-01
2.168765E-08
1.189744E-04
3.745341E-07
4.422880E-08
1.615146E-07
9.143651E-08
6.040856E-07
1.787527E-08
1.791165E-08
2.009330E-07
3.340097E-04
1.139263E-09
2.741445E-08
3.268468E-07
4.519784E-08
2.798476E-08
8.307556E-09
1.992579E-08
4.773851E-07
8.415609E-08
6.741740E-06
1.568687E-07
4.649616E-08
5.523483E-08
1.799102E-04
4.486739E-09
3.236532E-07
1.104001E-09
7.774731E-10
4.746305E-07
1.412483E-07
1.022202E-07
1.505358E-07
2.102214E-06
7.060965E-06
9.247676E-08
2.505919E-07
4.451929E-07
1.140140E-07
2.252826E-07
3.480575E-08
1.522053E-07
8.564783E-08
7.395788E-09
3.445449E-08
4.586022E-07
1.262727E-07
5.394634E-07
1.023280E-05
3.987387E-08
8.288472E-08
9.986942E-08
1.618772E-05
1.392236E-04
1.176427E-06
2.616479E-06
1.821894E-07
1.072988E-08
2.932321E-07
7.019965E-05
1.331137E-08
8.108566E-09
1.084451E-07
5.638591E-05
2.433161E-04
