3.945511e-08
6.269622e-06
1.371552e-07
2.644141e-08
3.595647e-06
1.856606e-09
8.991454e-08
2.356325e-10
2.802572e-08
6.492076e-10
5.231807e-09
2.329008e-08
2.707831e-08
2.728465e-08
1.377708e-09
1.439687e-06
5.141369e-06
4.653426e-07
9.459938e-07
5.823673e-08
1.011831e-08
1.314370e-09
1.155315e-09
3.724585e-08
8.678403e-07
4.618252e-09
2.670252e-08
1.030323e-06
6.817332e-09
3.597828e-10
8.053260e-09
1.565590e-07
9.240989e-04
6.776986e-09
2.200226e-07
3.530751e-06
9.435876e-08
3.068291e-07
1.609805e-08
1.257504e-07
3.141972e-08
1.197986e-08
5.300007e-08
8.829458e-08
1.419399e-07
2.646720e-07
7.196336e-09
2.248037e-08
6.620502e-09
1.854073e-08
9.848709e-09
2.140015e-09
8.612213e-09
5.786394e-06
1.630964e-07
3.592344e-09
1.413215e-09
7.238267e-09
2.259715e-06
9.615830e-09
1.243667e-07
7.541437e-09
3.447722e-08
3.188693e-09
7.755400e-06
5.564805e-08
3.803576e-09
3.449542e-09
1.545844e-09
1.915099e-07
5.149497e-09
3.402320e-06
1.074640e-08
2.419371e-08
6.062781e-08
3.518835e-08
1.803833e-10
7.436730e-10
2.524708e-08
1.721418e-07
1.010557e-06
5.050774e-09
3.285729e-06
1.951081e-06
1.032708e-07
2.636884e-07
4.366491e-08
3.373765e-07
1.473728e-08
4.968844e-10
2.788829e-09
3.616857e-08
2.244456e-06
2.475317e-09
1.386493e-07
1.186447e-10
3.896592e-08
9.665976e-09
2.437550e-09
1.897928e-09
3.739930e-06
8.622469e-09
1.135773e-06
4.536141e-07
3.367203e-06
3.168383e-07
1.038914e-08
3.924696e-05
6.690231e-09
4.706844e-08
3.814232e-06
2.147654e-07
5.969637e-09
1.315781e-08
1.661665e-09
1.749421e-08
4.396711e-08
1.170666e-08
5.371798e-08
2.642492e-08
2.306286e-07
7.143630e-09
2.078016e-08
2.065567e-07
1.642676e-09
6.462426e-06
4.993771e-08
5.243058e-08
3.296533e-07
3.083840e-08
1.262591e-07
1.421959e-07
8.355976e-08
1.193785e-06
1.476471e-08
7.199827e-08
4.159135e-08
5.358962e-09
4.340326e-08
2.618026e-11
1.526244e-07
4.101194e-09
2.479354e-08
7.319186e-10
6.867801e-07
6.913537e-09
3.040366e-07
2.227526e-10
9.985943e-01
6.611077e-09
9.932711e-06
2.154161e-08
7.662334e-08
1.061908e-08
3.548292e-09
1.222787e-08
4.688163e-08
8.742377e-10
5.071949e-07
8.818636e-06
2.826787e-09
1.433449e-08
1.604282e-08
1.993429e-08
9.092793e-08
8.489065e-09
1.692606e-07
7.041432e-08
1.214579e-08
4.123940e-06
2.606857e-07
1.210998e-08
3.621716e-08
1.991135e-05
1.376317e-08
5.567159e-09
7.626313e-10
2.554599e-07
2.922580e-08
1.548389e-07
1.563827e-06
3.634302e-09
8.660383e-08
4.230177e-05
1.014811e-08
1.188042e-08
2.691237e-07
2.468012e-07
1.767392e-07
2.223309e-08
8.401202e-08
9.226537e-10
4.446332e-08
1.741719e-07
3.379655e-07
1.732837e-06
1.247118e-06
2.648686e-06
4.389929e-09
1.520184e-08
8.692462e-10
1.036044e-05
2.328096e-04
1.492486e-07
6.548148e-07
1.938069e-08
1.174665e-08
2.946770e-07
4.519835e-07
2.388463e-08
1.886339e-09
1.175335e-08
6.431522e-07
2.272268e-05
1.030868e-05
5.295209e-05
1.156855e-06
1.231030e-07
5.917819e-06
7.056855e-09
7.022609e-07
1.644305e-08
8.490889e-08
1.376426e-05
5.655302e-07
3.229066e-08
2.752423e-07
5.355933e-08
5.301911e-08
6.806254e-09
4.587970e-05
1.102405e-07
4.900061e-05
1.111073e-06
2.997200e-08
2.584054e-08
1.675147e-08
4.383007e-08
4.750484e-07
3.532602e-08
7.046179e-08
2.108650e-07
9.644772e-08
7.777464e-09
1.842525e-08
2.397505e-07
3.703389e-06
1.859730e-08
8.506090e-07
1.498815e-07
8.601056e-07
3.810740e-08
8.941367e-08
2.416564e-06
5.551779e-08
1.504312e-09
5.926570e-07
9.398055e-08
5.389142e-07
3.769505e-08
4.207843e-08
9.455087e-08
7.331061e-08
2.207878e-08
1.841990e-07
1.612048e-07
4.933816e-08
9.069598e-06
3.427972e-07
4.290661e-09
3.756471e-08
4.536393e-08
2.737718e-07
1.922996e-08
1.134596e-07
1.829533e-08
1.321271e-09
2.286485e-09
2.950130e-05
7.826736e-09
4.797594e-08
2.924187e-08
1.021962e-07
1.253028e-07
2.846749e-09
6.735455e-06
1.083461e-07
3.697032e-09
3.201122e-08
1.165614e-06
5.757037e-08
9.106198e-08
7.860566e-08
2.464045e-06
2.264353e-06
3.796078e-08
2.110680e-05
5.985129e-07
1.055235e-08
3.787712e-07
7.268255e-08
4.688873e-08
1.656161e-07
6.801452e-07
1.836959e-09
8.430840e-08
5.994895e-06
2.408311e-06
3.288248e-08
8.056050e-08
5.845820e-07
9.543477e-10
1.244508e-08
4.899185e-08
2.123277e-06
9.808565e-08
1.123626e-07
2.644362e-06
6.290402e-08
1.832446e-05
2.400758e-06
9.885472e-05
9.142928e-10
4.520328e-08
2.441500e-07
5.732766e-08
1.654644e-07
1.337328e-06
4.052612e-09
3.181028e-07
3.448960e-08
1.538786e-08
7.653353e-09
3.870693e-07
5.933851e-08
2.071165e-07
3.410850e-10
3.997027e-06
1.628768e-06
4.836870e-06
3.224131e-08
6.000498e-07
2.247498e-06
7.545258e-08
2.990228e-08
4.658919e-08
3.691142e-05
5.275717e-07
1.685477e-08
6.961602e-09
6.271761e-08
9.303516e-07
8.173060e-07
8.025266e-09
1.288758e-08
1.055743e-08
2.840415e-07
5.324582e-08
2.128650e-06
4.328573e-08
5.232323e-06
6.848789e-08
9.983379e-01
2.168691e-08
1.189712e-04
3.745195e-07
4.422728e-08
1.615103e-07
9.143199e-08
6.040505e-07
1.787438e-08
1.791083e-08
2.009250e-07
3.340069e-04
1.139226e-09
2.741299e-08
3.268375e-07
4.519586e-08
2.798327e-08
8.307049e-09
1.992472e-08
4.773651e-07
8.415240e-08
6.741560e-06
1.568638e-07
4.649483e-08
5.523262e-08
1.799078e-04
4.486560e-09
3.236458e-07
1.103934e-09
7.774360e-10
4.746078e-07
1.412448e-07
1.022179e-07
1.505302e-07
2.102178e-06
7.060655e-06
9.247447e-08
2.505861e-07
4.451798e-07
1.140099e-07
2.252759e-07
3.480449e-08
1.521972e-07
8.564358e-08
7.395492e-09
3.445272e-08
4.585843e-07
1.262668e-07
5.394443e-07
1.023255e-05
3.987182e-08
8.288141e-08
9.986562e-08
1.618717e-05
1.392206e-04
1.176384e-06
2.616432e-06
1.821831e-07
1.072931e-08
2.932248e-07
7.019803e-05
1.331065e-08
8.108180e-09
1.084410e-07
5.638559e-05
2.433131e-04
