06030001
00000101
000003E8
00005790
00000001
0001D000
0000002C
00000002
00000000
40D80000
00000000
80000000
00000000
00000000
02000000
00000081
00000018
0001D004
00000000
00000000
00000000
00000003
0001D210
00000F00
00000F00
00000000
0001D214
80000000
00000080
00000010
00000001
00010100
00000001
0001D000
0000002C
00000002
00000008
40D80000
00000000
80000000
00000000
00000000
02000000
00000081
00000018
0001D004
00000000
00000008
00000000
00000003
0001D210
00000F00
00000F00
00000000
0001D214
80000000
00000080
00000010
00000001
00010100
00000001
0001D000
0000002C
00000002
00000010
40D80000
00000000
80000000
00000000
00000000
02000000
00000081
00000018
0001D004
00000000
00000010
00000000
00000003
0001D210
00000F00
00000F00
00000000
0001D214
80000000
00000080
00000010
00000001
00010100
00000001
0001D000
0000002C
00000002
00000018
40D80000
00000000
80000000
00000000
00000000
02000000
00000081
00000018
0001D004
00000000
00000018
00000000
00000003
0001D210
00000F00
00000F00
00000000
0001D214
80000000
00000080
00000010
00000001
00010100
00000001
0001D000
0000002C
00000002
00000020
40D80000
00000000
80000000
00000000
00000000
02000000
00000081
00000018
0001D004
00000000
00000020
00000000
00000003
0001D210
00000F00
00000F00
00000000
0001D214
80000000
00000080
00000010
00000001
00010100
00000001
0001D000
0000002C
00000005
00000028
40D80000
00000000
80000000
00000000
00000000
02000000
00000081
00000018
0001D004
00000000
00000028
00000000
00000003
0001D210
00000F00
00000F00
00000000
0001D214
80000000
00000080
00000010
00000001
00010100
00000001
0001D000
0000002C
00000005
0000003C
40D80000
00000000
80000000
00000000
00000000
02000000
00000081
00000018
0001D004
00000000
0000003C
00000000
00000003
0001D210
00000F00
00000F00
00000000
0001D214
80000000
00000080
00000010
00000001
00010100
00000001
0001D000
0000002C
00000002
00000050
40D80000
00000000
80000000
00000000
00000000
02000000
00000081
00000018
0001D004
00000000
00000050
00000000
00000003
0001D210
00000F00
00000F00
00000000
0001D214
80000000
00000080
00000010
00000001
00010100
00000001
0001D000
0000002C
00000005
00000058
40D80000
00000000
80000000
00000000
00000000
02000000
00000081
00000018
0001D004
00000000
00000058
00000000
00000003
0001D210
00000F00
00000F00
00000000
0001D214
80000000
00000080
00000010
00000001
00010100
00000001
0001D000
0000002C
00000005
0000006C
40D80000
00000000
80000000
00000000
00000000
02000000
00000081
00000018
0001D004
00000000
0000006C
00000000
00000003
0001D210
00000F00
00000F00
00000000
0001D214
80000000
00000080
00000010
00000001
00010100
00000001
0001D000
0000002C
00000005
00000080
40D80000
00000000
80000000
00000000
00000000
02000000
00000081
00000018
0001D004
00000000
00000080
00000000
00000003
0001D210
00000F00
00000F00
00000000
0001D214
80000000
00000080
00000010
00000001
00010100
00000001
0001D000
0000002C
00000005
00000094
40D80000
00000000
80000000
00000000
00000000
02000000
00000081
00000018
0001D004
00000000
00000094
00000000
00000003
0001D210
00000F00
00000F00
00000000
0001D214
80000000
00000080
00000010
00000001
00010100
00000001
0001D000
0000002C
00000005
000000A8
40D80000
00000000
80000000
00000000
00000000
02000000
00000081
00000018
0001D004
00000000
000000A8
00000000
00000003
0001D210
00000F00
00000F00
00000000
0001D214
80000000
00000080
00000010
00000001
00010100
00000001
0001D000
0000002C
00000005
000000BC
40D80000
00000000
80000000
00000000
00000000
02000000
00000081
00000018
0001D004
00000000
000000BC
00000000
00000003
0001D210
00000F00
00000F00
00000000
0001D214
80000000
00000080
00000010
00000001
00010100
00000001
0001D000
0000002C
00000005
000000D0
40D80000
00000000
80000000
00000000
00000000
02000000
00000081
00000018
0001D004
00000000
000000D0
00000000
00000003
0001D210
00000F00
00000F00
00000000
0001D214
80000000
00000080
00000010
00000001
00010100
00000001
0001D000
0000002C
00000005
000000E4
40D80000
00000000
80000000
00000000
00000000
02000000
00000081
00000018
0001D004
00000000
000000E4
00000000
00000003
0001D210
00000F00
00000F00
00000000
0001D214
80000000
00000080
00000010
00000001
00010100
00000001
0001D000
0000002C
00000005
000000F8
40D80000
00000000
80000000
00000000
00000000
02000000
00000081
00000018
0001D004
00000000
000000F8
00000000
00000003
0001D210
00000F00
00000F00
00000000
0001D214
80000000
00000080
00000010
00000001
00010100
00000001
0001D000
0000002C
00000005
0000010C
40D80000
00000000
80000000
00000000
00000000
02000000
00000081
00000018
0001D004
00000000
0000010C
00000000
00000003
0001D210
00000F00
00000F00
00000000
0001D214
80000000
00000080
00000010
00000001
00010100
00000001
0001D000
0000002C
00000005
00000120
40D80000
00000000
80000000
00000000
00000000
02000000
00000081
00000018
0001D004
00000000
00000120
00000000
00000003
0001D210
00000F00
00000F00
00000000
0001D214
80000000
00000080
00000010
00000001
00010100
00000001
0001D000
0000002C
00000005
00000134
40D80000
00000000
80000000
00000000
00000000
02000000
00000081
00000018
0001D004
00000000
00000134
00000000
00000003
0001D210
00000F00
00000F00
00000000
0001D214
80000000
00000080
00000010
00000001
00010100
00000001
0001D000
0000002C
00000005
00000148
40D80000
00000000
80000000
00000000
00000000
02000000
00000081
00000018
0001D004
00000000
00000148
00000000
00000003
0001D210
00000F00
00000F00
00000000
0001D214
80000000
00000080
00000010
00000001
00010100
00000001
0001D000
0000002C
00000005
0000015C
40D80000
00000000
80000000
00000000
00000000
02000000
00000081
00000018
0001D004
00000000
0000015C
00000000
00000003
0001D210
00000F00
00000F00
00000000
0001D214
80000000
00000080
00000010
00000001
00010100
00000001
0001D000
0000002C
00000005
00000170
40D80000
00000000
80000000
00000000
00000000
02000000
00000081
00000018
0001D004
00000000
00000170
00000000
00000003
0001D210
00000F00
00000F00
00000000
0001D214
80000000
00000080
00000010
00000001
00010100
00000001
0001D000
0000002C
00000005
00000184
40D80000
00000000
80000000
00000000
00000000
02000000
00000081
00000018
0001D004
00000000
00000184
00000000
00000003
0001D210
00000F00
00000F00
00000000
0001D214
80000000
00000080
00000010
00000001
00010100
00000001
0001D000
0000002C
00000005
00000198
40D80000
00000000
80000000
00000000
00000000
02000000
00000081
00000018
0001D004
00000000
00000198
00000000
00000003
0001D210
00000F00
00000F00
00000000
0001D214
80000000
00000080
00000010
00000001
00010100
00000001
0001D000
0000002C
00000005
000001AC
40D80000
00000000
80000000
00000000
00000000
02000000
00000081
00000018
0001D004
00000000
000001AC
00000000
00000003
0001D210
00000F00
00000F00
00000000
0001D214
80000000
00000080
00000010
00000001
00010100
00000001
0001D000
0000002C
00000005
000001C0
40D80000
00000000
80000000
00000000
00000000
02000000
00000081
00000018
0001D004
00000000
000001C0
00000000
00000003
0001D210
00000F00
00000F00
00000000
0001D214
80000000
00000080
00000010
00000001
00010100
00000001
0001D000
0000002C
00000005
000001D4
40D80000
00000000
80000000
00000000
00000000
02000000
00000081
00000018
0001D004
00000000
000001D4
00000000
00000003
0001D210
00000F00
00000F00
00000000
0001D214
80000000
00000080
00000010
00000001
00010100
00000001
0001D000
0000002C
00000005
000001E8
40D80000
00000000
80000000
00000000
00000000
02000000
00000081
00000018
0001D004
00000000
000001E8
00000000
00000003
0001D210
00000F00
00000F00
00000000
0001D214
80000000
00000080
00000010
00000001
00010100
00000001
0001D000
0000002C
00000005
000001FC
40D80000
00000000
80000000
00000000
00000000
02000000
00000081
00000018
0001D004
00000000
000001FC
00000000
00000003
0001D210
00000F00
00000F00
00000000
0001D214
80000000
00000080
00000010
00000001
00010100
00000001
0001D000
0000002C
00000005
00000210
40D80000
00000000
80000000
00000000
00000000
02000000
00000081
00000018
0001D004
00000000
00000210
00000000
00000003
0001D210
00000F00
00000F00
00000000
0001D214
80000000
00000080
00000010
00000001
00010100
00000001
0001D000
0000002C
00000005
00000224
40D80000
00000000
80000000
00000000
00000000
02000000
00000081
00000018
0001D004
00000000
00000224
00000000
00000003
0001D210
00000F00
00000F00
00000000
0001D214
80000000
00000080
00000010
00000001
00010100
00000001
0001D000
0000002C
00000005
00000238
40D80000
00000000
80000000
00000000
00000000
02000000
00000081
00000018
0001D004
00000000
00000238
00000000
00000003
0001D210
00000F00
00000F00
00000000
0001D214
80000000
00000080
00000010
00000001
00010100
00000001
0001D000
0000002C
00000005
0000024C
40D80000
00000000
80000000
00000000
00000000
02000000
00000081
00000018
0001D004
00000000
0000024C
00000000
00000003
0001D210
00000F00
00000F00
00000000
0001D214
80000000
00000080
00000010
00000001
00010100
00000001
0001D000
0000002C
00000005
00000260
40D80000
00000000
80000000
00000000
00000000
02000000
00000081
00000018
0001D004
00000000
00000260
00000000
00000003
0001D210
00000F00
00000F00
00000000
0001D214
80000000
00000080
00000010
00000001
00010100
00000001
0001D000
0000002C
00000005
00000274
40D80000
00000000
80000000
00000000
00000000
02000000
00000081
00000018
0001D004
00000000
00000274
00000000
00000003
0001D210
00000F00
00000F00
00000000
0001D214
80000000
00000080
00000010
00000001
00010100
00000001
0001D000
0000002C
00000005
00000288
40D80000
00000000
80000000
00000000
00000000
02000000
00000081
00000018
0001D004
00000000
00000288
00000000
00000003
0001D210
00000F00
00000F00
00000000
0001D214
80000000
00000080
00000010
00000001
00010100
00000001
0001D000
0000002C
00000005
0000029C
40D80000
00000000
80000000
00000000
00000000
02000000
00000081
00000018
0001D004
00000000
0000029C
00000000
00000003
0001D210
00000F00
00000F00
00000000
0001D214
80000000
00000080
00000010
00000001
00010100
00000001
0001D000
0000002C
00000005
000002B0
40D80000
00000000
80000000
00000000
00000000
02000000
00000081
00000018
0001D004
00000000
000002B0
00000000
00000003
0001D210
00000F00
00000F00
00000000
0001D214
80000000
00000080
00000010
00000001
00010100
00000001
0001D000
0000002C
00000005
000002C4
40D80000
00000000
80000000
00000000
00000000
02000000
00000081
00000018
0001D004
00000000
000002C4
00000000
00000003
0001D210
00000F00
00000F00
00000000
0001D214
80000000
00000080
00000010
00000001
00010100
00000001
0001D000
0000002C
00000005
000002D8
40D80000
00000000
80000000
00000000
00000000
02000000
00000081
00000018
0001D004
00000000
000002D8
00000000
00000003
0001D210
00000F00
00000F00
00000000
0001D214
80000000
00000080
00000010
00000001
00010100
00000001
0001D000
0000002C
00000005
000002EC
40D80000
00000000
80000000
00000000
00000000
02000000
00000081
00000018
0001D004
00000000
000002EC
00000000
00000003
0001D210
00000F00
00000F00
00000000
0001D214
80000000
00000080
00000010
00000001
00010100
00000001
0001D000
0000002C
00000005
00000300
40D80000
00000000
80000000
00000000
00000000
02000000
00000081
00000018
0001D004
00000000
00000300
00000000
00000003
0001D210
00000F00
00000F00
00000000
0001D214
80000000
00000080
00000010
00000001
00010100
00000001
0001D000
0000002C
00000005
00000314
40D80000
00000000
80000000
00000000
00000000
02000000
00000081
00000018
0001D004
00000000
00000314
00000000
00000003
0001D210
00000F00
00000F00
00000000
0001D214
80000000
00000080
00000010
00000001
00010100
00000001
0001D000
0000002C
00000005
00000328
40D80000
00000000
80000000
00000000
00000000
02000000
00000081
00000018
0001D004
00000000
00000328
00000000
00000003
0001D210
00000F00
00000F00
00000000
0001D214
80000000
00000080
00000010
00000001
00010100
00000001
0001D000
0000002C
00000005
0000033C
40D80000
00000000
80000000
00000000
00000000
02000000
00000081
00000018
0001D004
00000000
0000033C
00000000
00000003
0001D210
00000F00
00000F00
00000000
0001D214
80000000
00000080
00000010
00000001
00010100
00000001
0001D000
0000002C
00000005
00000350
40D80000
00000000
80000000
00000000
00000000
02000000
00000081
00000018
0001D004
00000000
00000350
00000000
00000003
0001D210
00000F00
00000F00
00000000
0001D214
80000000
00000080
00000010
00000001
00010100
00000001
0001D000
0000002C
00000005
00000364
40D80000
00000000
80000000
00000000
00000000
02000000
00000081
00000018
0001D004
00000000
00000364
00000000
00000003
0001D210
00000F00
00000F00
00000000
0001D214
80000000
00000080
00000010
00000001
00010100
00000001
0001D000
0000002C
00000005
00000378
40D80000
00000000
80000000
00000000
00000000
02000000
00000081
00000018
0001D004
00000000
00000378
00000000
00000003
0001D210
00000F00
00000F00
00000000
0001D214
80000000
00000080
00000010
00000001
00010100
00000001
0001D000
0000002C
00000005
0000038C
40D80000
00000000
80000000
00000000
00000000
02000000
00000081
00000018
0001D004
00000000
0000038C
00000000
00000003
0001D210
00000F00
00000F00
00000000
0001D214
80000000
00000080
00000010
00000001
00010100
00000001
0001D000
0000002C
00000005
000003A0
40D80000
00000000
80000000
00000000
00000000
02000000
00000081
00000018
0001D004
00000000
000003A0
00000000
00000003
0001D210
00000F00
00000F00
00000000
0001D214
80000000
00000080
00000010
00000001
00010100
00000001
0001D000
0000002C
00000005
000003B4
40D80000
00000000
80000000
00000000
00000000
02000000
00000081
00000018
0001D004
00000000
000003B4
00000000
00000003
0001D210
00000F00
00000F00
00000000
0001D214
80000000
00000080
00000010
00000001
00010100
00000001
0001D000
0000002C
00000005
000003C8
40D80000
00000000
80000000
00000000
00000000
02000000
00000081
00000018
0001D004
00000000
000003C8
00000000
00000003
0001D210
00000F00
00000F00
00000000
0001D214
80000000
00000080
00000010
00000001
00010100
00000001
0001D000
0000002C
00000005
000003DC
40D80000
00000000
80000000
00000000
00000000
02000000
00000081
00000018
0001D004
00000000
000003DC
00000000
00000003
0001D210
00000F00
00000F00
00000000
0001D214
80000000
00000080
00000010
00000001
00010100
00000001
0001D000
0000002C
00000005
000003F0
40D80000
00000000
80000000
00000000
00000000
02000000
00000081
00000018
0001D004
00000000
000003F0
00000000
00000003
0001D210
00000F00
00000F00
00000000
0001D214
80000000
00000080
00000010
00000001
00010100
00000001
0001D000
0000002C
00000005
00000404
40D80000
00000000
80000000
00000000
00000000
02000000
00000081
00000018
0001D004
00000000
00000404
00000000
00000003
0001D210
00000F00
00000F00
00000000
0001D214
80000000
00000080
00000010
00000001
00010100
00000001
0001D000
0000002C
00000005
00000418
40D80000
00000000
80000000
00000000
00000000
02000000
00000081
00000018
0001D004
00000000
00000418
00000000
00000003
0001D210
00000F00
00000F00
00000000
0001D214
80000000
00000080
00000010
00000001
00010100
00000001
0001D000
0000002C
00000005
0000042C
40D80000
00000000
80000000
00000000
00000000
02000000
00000081
00000018
0001D004
00000000
0000042C
00000000
00000003
0001D210
00000F00
00000F00
00000000
0001D214
80000000
00000080
00000010
00000001
00010100
00000001
0001D000
0000002C
00000005
00000440
40D80000
00000000
80000000
00000000
00000000
02000000
00000081
00000018
0001D004
00000000
00000440
00000000
00000003
0001D210
00000F00
00000F00
00000000
0001D214
80000000
00000080
00000010
00000001
00010100
00000001
0001D000
0000002C
00000005
00000454
40D80000
00000000
80000000
00000000
00000000
02000000
00000081
00000018
0001D004
00000000
00000454
00000000
00000003
0001D210
00000F00
00000F00
00000000
0001D214
80000000
00000080
00000010
00000001
00010100
00000001
0001D000
0000002C
00000005
00000468
40D80000
00000000
80000000
00000000
00000000
02000000
00000081
00000018
0001D004
00000000
00000468
00000000
00000003
0001D210
00000F00
00000F00
00000000
0001D214
80000000
00000080
00000010
00000001
00010100
00000001
0001D000
0000002C
00000005
0000047C
40D80000
00000000
80000000
00000000
00000000
02000000
00000081
00000018
0001D004
00000000
0000047C
00000000
00000003
0001D210
00000F00
00000F00
00000000
0001D214
80000000
00000080
00000010
00000001
00010100
00000001
0001D000
0000002C
00000005
00000490
40D80000
00000000
80000000
00000000
00000000
02000000
00000081
00000018
0001D004
00000000
00000490
00000000
00000003
0001D210
00000F00
00000F00
00000000
0001D214
80000000
00000080
00000010
00000001
00010100
00000001
0001D000
0000002C
00000005
000004A4
40D80000
00000000
80000000
00000000
00000000
02000000
00000081
00000018
0001D004
00000000
000004A4
00000000
00000003
0001D210
00000F00
00000F00
00000000
0001D214
80000000
00000080
00000010
00000001
00010100
00000001
0001D000
0000002C
00000005
000004B8
40D80000
00000000
80000000
00000000
00000000
02000000
00000081
00000018
0001D004
00000000
000004B8
00000000
00000003
0001D210
00000F00
00000F00
00000000
0001D214
80000000
00000080
00000010
00000001
00010100
00000001
0001D000
0000002C
00000005
000004CC
40D80000
00000000
80000000
00000000
00000000
02000000
00000081
00000018
0001D004
00000000
000004CC
00000000
00000003
0001D210
00000F00
00000F00
00000000
0001D214
80000000
00000080
00000010
00000001
00010100
00000001
0001D000
0000002C
00000005
000004E0
40D80000
00000000
80000000
00000000
00000000
02000000
00000081
00000018
0001D004
00000000
000004E0
00000000
00000003
0001D210
00000F00
00000F00
00000000
0001D214
80000000
00000080
00000010
00000001
00010100
00000001
0001D000
0000002C
00000005
000004F4
40D80000
00000000
80000000
00000000
00000000
02000000
00000081
00000018
0001D004
00000000
000004F4
00000000
00000003
0001D210
00000F00
00000F00
00000000
0001D214
80000000
00000080
00000010
00000001
00010100
00000001
0001D000
0000002C
00000005
00000508
40D80000
00000000
80000000
00000000
00000000
02000000
00000081
00000018
0001D004
00000000
00000508
00000000
00000003
0001D210
00000F00
00000F00
00000000
0001D214
80000000
00000080
00000010
00000001
00010100
00000001
0001D000
0000002C
00000005
0000051C
40D80000
00000000
80000000
00000000
00000000
02000000
00000081
00000018
0001D004
00000000
0000051C
00000000
00000003
0001D210
00000F00
00000F00
00000000
0001D214
80000000
00000080
00000010
00000001
00010100
00000001
0001D000
0000002C
00000005
00000530
40D80000
00000000
80000000
00000000
00000000
02000000
00000081
00000018
0001D004
00000000
00000530
00000000
00000003
0001D210
00000F00
00000F00
00000000
0001D214
80000000
00000080
00000010
00000001
00010100
00000001
0001D000
0000002C
00000005
00000544
40D80000
00000000
80000000
00000000
00000000
02000000
00000081
00000018
0001D004
00000000
00000544
00000000
00000003
0001D210
00000F00
00000F00
00000000
0001D214
80000000
00000080
00000010
00000001
00010100
00000001
0001D000
0000002C
00000005
00000558
40D80000
00000000
80000000
00000000
00000000
02000000
00000081
00000018
0001D004
00000000
00000558
00000000
00000003
0001D210
00000F00
00000F00
00000000
0001D214
80000000
00000080
00000010
00000001
00010100
00000001
0001D000
0000002C
00000005
0000056C
40D80000
00000000
80000000
00000000
00000000
02000000
00000081
00000018
0001D004
00000000
0000056C
00000000
00000003
0001D210
00000F00
00000F00
00000000
0001D214
80000000
00000080
00000010
00000001
00010100
00000001
0001D000
0000002C
00000005
00000580
40D80000
00000000
80000000
00000000
00000000
02000000
00000081
00000018
0001D004
00000000
00000580
00000000
00000003
0001D210
00000F00
00000F00
00000000
0001D214
80000000
00000080
00000010
00000001
00010100
00000001
0001D000
0000002C
00000005
00000594
40D80000
00000000
80000000
00000000
00000000
02000000
00000081
00000018
0001D004
00000000
00000594
00000000
00000003
0001D210
00000F00
00000F00
00000000
0001D214
80000000
00000080
00000010
00000001
00010100
00000001
0001D000
0000002C
00000005
000005A8
40D80000
00000000
80000000
00000000
00000000
02000000
00000081
00000018
0001D004
00000000
000005A8
00000000
00000003
0001D210
00000F00
00000F00
00000000
0001D214
80000000
00000080
00000010
00000001
00010100
00000001
0001D000
0000002C
00000005
000005BC
40D80000
00000000
80000000
00000000
00000000
02000000
00000081
00000018
0001D004
00000000
000005BC
00000000
00000003
0001D210
00000F00
00000F00
00000000
0001D214
80000000
00000080
00000010
00000001
00010100
00000001
0001D000
0000002C
00000005
000005D0
40D80000
00000000
80000000
00000000
00000000
02000000
00000081
00000018
0001D004
00000000
000005D0
00000000
00000003
0001D210
00000F00
00000F00
00000000
0001D214
80000000
00000080
00000010
00000001
00010100
00000001
0001D000
0000002C
00000005
000005E4
40D80000
00000000
80000000
00000000
00000000
02000000
00000081
00000018
0001D004
00000000
000005E4
00000000
00000003
0001D210
00000F00
00000F00
00000000
0001D214
80000000
00000080
00000010
00000001
00010100
00000001
0001D000
0000002C
00000005
000005F8
40D80000
00000000
80000000
00000000
00000000
02000000
00000081
00000018
0001D004
00000000
000005F8
00000000
00000003
0001D210
00000F00
00000F00
00000000
0001D214
80000000
00000080
00000010
00000001
00010100
00000001
0001D000
0000002C
00000005
0000060C
40D80000
00000000
80000000
00000000
00000000
02000000
00000081
00000018
0001D004
00000000
0000060C
00000000
00000003
0001D210
00000F00
00000F00
00000000
0001D214
80000000
00000080
00000010
00000001
00010100
00000001
0001D000
0000002C
00000005
00000620
40D80000
00000000
80000000
00000000
00000000
02000000
00000081
00000018
0001D004
00000000
00000620
00000000
00000003
0001D210
00000F00
00000F00
00000000
0001D214
80000000
00000080
00000010
00000001
00010100
00000001
0001D000
0000002C
00000005
00000634
40D80000
00000000
80000000
00000000
00000000
02000000
00000081
00000018
0001D004
00000000
00000634
00000000
00000003
0001D210
00000F00
00000F00
00000000
0001D214
80000000
00000080
00000010
00000001
00010100
00000001
0001D000
0000002C
00000005
00000648
40D80000
00000000
80000000
00000000
00000000
02000000
00000081
00000018
0001D004
00000000
00000648
00000000
00000003
0001D210
00000F00
00000F00
00000000
0001D214
80000000
00000080
00000010
00000001
00010100
00000001
0001D000
0000002C
00000005
0000065C
40D80000
00000000
80000000
00000000
00000000
02000000
00000081
00000018
0001D004
00000000
0000065C
00000000
00000003
0001D210
00000F00
00000F00
00000000
0001D214
80000000
00000080
00000010
00000001
00010100
00000001
0001D000
0000002C
00000005
00000670
40D80000
00000000
80000000
00000000
00000000
02000000
00000081
00000018
0001D004
00000000
00000670
00000000
00000003
0001D210
00000F00
00000F00
00000000
0001D214
80000000
00000080
00000010
00000001
00010100
00000001
0001D000
0000002C
00000005
00000684
40D80000
00000000
80000000
00000000
00000000
02000000
00000081
00000018
0001D004
00000000
00000684
00000000
00000003
0001D210
00000F00
00000F00
00000000
0001D214
80000000
00000080
00000010
00000001
00010100
00000001
0001D000
0000002C
00000005
00000698
40D80000
00000000
80000000
00000000
00000000
02000000
00000081
00000018
0001D004
00000000
00000698
00000000
00000003
0001D210
00000F00
00000F00
00000000
0001D214
80000000
00000080
00000010
00000001
00010100
00000001
0001D000
0000002C
00000005
000006AC
40D80000
00000000
80000000
00000000
00000000
02000000
00000081
00000018
0001D004
00000000
000006AC
00000000
00000003
0001D210
00000F00
00000F00
00000000
0001D214
80000000
00000080
00000010
00000001
00010100
00000001
0001D000
0000002C
00000005
000006C0
40D80000
00000000
80000000
00000000
00000000
02000000
00000081
00000018
0001D004
00000000
000006C0
00000000
00000003
0001D210
00000F00
00000F00
00000000
0001D214
80000000
00000080
00000010
00000001
00010100
00000001
0001D000
0000002C
00000005
000006D4
40D80000
00000000
80000000
00000000
00000000
02000000
00000081
00000018
0001D004
00000000
000006D4
00000000
00000003
0001D210
00000F00
00000F00
00000000
0001D214
80000000
00000080
00000010
00000001
00010100
00000001
0001D000
0000002C
00000005
000006E8
40D80000
00000000
80000000
00000000
00000000
02000000
00000081
00000018
0001D004
00000000
000006E8
00000000
00000003
0001D210
00000F00
00000F00
00000000
0001D214
80000000
00000080
00000010
00000001
00010100
00000001
0001D000
0000002C
00000005
000006FC
40D80000
00000000
80000000
00000000
00000000
02000000
00000081
00000018
0001D004
00000000
000006FC
00000000
00000003
0001D210
00000F00
00000F00
00000000
0001D214
80000000
00000080
00000010
00000001
00010100
00000001
0001D000
0000002C
00000005
00000710
40D80000
00000000
80000000
00000000
00000000
02000000
00000081
00000018
0001D004
00000000
00000710
00000000
00000003
0001D210
00000F00
00000F00
00000000
0001D214
80000000
00000080
00000010
00000001
00010100
00000001
0001D000
0000002C
00000005
00000724
40D80000
00000000
80000000
00000000
00000000
02000000
00000081
00000018
0001D004
00000000
00000724
00000000
00000003
0001D210
00000F00
00000F00
00000000
0001D214
80000000
00000080
00000010
00000001
00010100
00000001
0001D000
0000002C
00000005
00000738
40D80000
00000000
80000000
00000000
00000000
02000000
00000081
00000018
0001D004
00000000
00000738
00000000
00000003
0001D210
00000F00
00000F00
00000000
0001D214
80000000
00000080
00000010
00000001
00010100
00000001
0001D000
0000002C
00000005
0000074C
40D80000
00000000
80000000
00000000
00000000
02000000
00000081
00000018
0001D004
00000000
0000074C
00000000
00000003
0001D210
00000F00
00000F00
00000000
0001D214
80000000
00000080
00000010
00000001
00010100
00000001
0001D000
0000002C
00000005
00000760
40D80000
00000000
80000000
00000000
00000000
02000000
00000081
00000018
0001D004
00000000
00000760
00000000
00000003
0001D210
00000F00
00000F00
00000000
0001D214
80000000
00000080
00000010
00000001
00010100
00000001
0001D000
0000002C
00000005
00000774
40D80000
00000000
80000000
00000000
00000000
02000000
00000081
00000018
0001D004
00000000
00000774
00000000
00000003
0001D210
00000F00
00000F00
00000000
0001D214
80000000
00000080
00000010
00000001
00010100
00000001
0001D000
0000002C
00000005
00000788
40D80000
00000000
80000000
00000000
00000000
02000000
00000081
00000018
0001D004
00000000
00000788
00000000
00000003
0001D210
00000F00
00000F00
00000000
0001D214
80000000
00000080
00000010
00000001
00010100
00000001
0001D000
0000002C
00000005
0000079C
40D80000
00000000
80000000
00000000
00000000
02000000
00000081
00000018
0001D004
00000000
0000079C
00000000
00000003
0001D210
00000F00
00000F00
00000000
0001D214
80000000
00000080
00000010
00000001
00010100
00000001
0001D000
0000002C
00000005
000007B0
40D80000
00000000
80000000
00000000
00000000
02000000
00000081
00000018
0001D004
00000000
000007B0
00000000
00000003
0001D210
00000F00
00000F00
00000000
0001D214
80000000
00000080
00000010
00000001
00010100
00000001
0001D000
0000002C
00000005
000007C4
40D80000
00000000
80000000
00000000
00000000
02000000
00000081
00000018
0001D004
00000000
000007C4
00000000
00000003
0001D210
00000F00
00000F00
00000000
0001D214
80000000
00000080
00000010
00000001
00010100
00000001
0001D000
0000002C
00000005
000007D8
40D80000
00000000
80000000
00000000
00000000
02000000
00000081
00000018
0001D004
00000000
000007D8
00000000
00000003
0001D210
00000F00
00000F00
00000000
0001D214
80000000
00000080
00000010
00000001
00010100
00000001
0001D000
0000002C
00000005
000007EC
40D80000
00000000
80000000
00000000
00000000
02000000
00000081
00000018
0001D004
00000000
000007EC
00000000
00000003
0001D210
00000F00
00000F00
00000000
0001D214
80000000
00000080
00000010
00000001
00010100
00000001
0001D000
0000002C
00000005
00000800
40D80000
00000000
80000000
00000000
00000000
02000000
00000081
00000018
0001D004
00000000
00000800
00000000
00000003
0001D210
00000F00
00000F00
00000000
0001D214
80000000
00000080
00000010
00000001
00010100
00000001
0001D000
0000002C
00000005
00000814
40D80000
00000000
80000000
00000000
00000000
02000000
00000081
00000018
0001D004
00000000
00000814
00000000
00000003
0001D210
00000F00
00000F00
00000000
0001D214
80000000
00000080
00000010
00000001
00010100
00000001
0001D000
0000002C
00000005
00000828
40D80000
00000000
80000000
00000000
00000000
02000000
00000081
00000018
0001D004
00000000
00000828
00000000
00000003
0001D210
00000F00
00000F00
00000000
0001D214
80000000
00000080
00000010
00000001
00010100
00000001
0001D000
0000002C
00000005
0000083C
40D80000
00000000
80000000
00000000
00000000
02000000
00000081
00000018
0001D004
00000000
0000083C
00000000
00000003
0001D210
00000F00
00000F00
00000000
0001D214
80000000
00000080
00000010
00000001
00010100
00000001
0001D000
0000002C
00000005
00000850
40D80000
00000000
80000000
00000000
00000000
02000000
00000081
00000018
0001D004
00000000
00000850
00000000
00000003
0001D210
00000F00
00000F00
00000000
0001D214
80000000
00000080
00000010
00000001
00010100
00000001
0001D000
0000002C
00000005
00000864
40D80000
00000000
80000000
00000000
00000000
02000000
00000081
00000018
0001D004
00000000
00000864
00000000
00000003
0001D210
00000F00
00000F00
00000000
0001D214
80000000
00000080
00000010
00000001
00010100
00000001
0001D000
0000002C
00000005
00000878
40D80000
00000000
80000000
00000000
00000000
02000000
00000081
00000018
0001D004
00000000
00000878
00000000
00000003
0001D210
00000F00
00000F00
00000000
0001D214
80000000
00000080
00000010
00000001
00010100
00000001
0001D000
0000002C
00000005
0000088C
40D80000
00000000
80000000
00000000
00000000
02000000
00000081
00000018
0001D004
00000000
0000088C
00000000
00000003
0001D210
00000F00
00000F00
00000000
0001D214
80000000
00000080
00000010
00000001
00010100
00000001
0001D000
0000002C
00000005
000008A0
40D80000
00000000
80000000
00000000
00000000
02000000
00000081
00000018
0001D004
00000000
000008A0
00000000
00000003
0001D210
00000F00
00000F00
00000000
0001D214
80000000
00000080
00000010
00000001
00010100
00000001
0001D000
0000002C
00000005
000008B4
40D80000
00000000
80000000
00000000
00000000
02000000
00000081
00000018
0001D004
00000000
000008B4
00000000
00000003
0001D210
00000F00
00000F00
00000000
0001D214
80000000
00000080
00000010
00000001
00010100
00000001
0001D000
0000002C
00000005
000008C8
40D80000
00000000
80000000
00000000
00000000
02000000
00000081
00000018
0001D004
00000000
000008C8
00000000
00000003
0001D210
00000F00
00000F00
00000000
0001D214
80000000
00000080
00000010
00000001
00010100
00000001
0001D000
0000002C
00000005
000008DC
40D80000
00000000
80000000
00000000
00000000
02000000
00000081
00000018
0001D004
00000000
000008DC
00000000
00000003
0001D210
00000F00
00000F00
00000000
0001D214
80000000
00000080
00000010
00000001
00010100
00000001
0001D000
0000002C
00000005
000008F0
40D80000
00000000
80000000
00000000
00000000
02000000
00000081
00000018
0001D004
00000000
000008F0
00000000
00000003
0001D210
00000F00
00000F00
00000000
0001D214
80000000
00000080
00000010
00000001
00010100
00000001
0001D000
0000002C
00000002
00000904
40D80000
00000000
80000000
00000000
00000000
02000000
00000081
00000018
0001D004
00000000
00000904
00000000
00000003
0001D210
00000F00
00000F00
00000000
0001D214
80000000
00000080
00000010
00000001
00010100
00000001
0001D000
0000002C
00000002
0000090C
40D80000
00000000
80000000
00000000
00000000
02000000
00000081
00000018
0001D004
00000000
0000090C
00000000
00000003
0001D210
00000F00
00000F00
00000000
0001D214
80000000
00000080
00000010
00000001
00010100
00000001
0001D000
0000002C
00000002
00000914
40D80000
00000000
80000000
00000000
00000000
02000000
00000081
00000018
0001D004
00000000
00000914
00000000
00000003
0001D210
00000F00
00000F00
00000000
0001D214
80000000
00000080
00000010
00000001
00010100
00000001
0001D000
0000002C
00000002
0000091C
40D80000
00000000
80000000
00000000
00000000
02000000
00000081
00000018
0001D004
00000000
0000091C
00000000
00000003
0001D210
00000F00
00000F00
00000000
0001D214
80000000
00000080
00000010
00000001
00010100
00000001
0001D000
0000002C
00000002
00000924
40D80000
00000000
80000000
00000000
00000000
02000000
00000081
00000018
0001D004
00000000
00000924
00000000
00000003
0001D210
00000F00
00000F00
00000000
0001D214
80000000
00000080
00000010
00000001
00010100
00000001
0001D000
0000002C
00000002
0000092C
40D80000
00000000
80000000
00000000
00000000
02000000
00000081
00000018
0001D004
00000000
0000092C
00000000
00000003
0001D210
00000F00
00000F00
00000000
0001D214
80000000
00000080
00000010
00000001
00010100
00000001
0001D000
0000002C
00000002
00000934
40D80000
00000000
80000000
00000000
00000000
02000000
00000081
00000018
0001D004
00000000
00000934
00000000
00000003
0001D210
00000F00
00000F00
00000000
0001D214
80000000
00000080
00000010
00000001
00010100
00000001
0001D000
0000002C
00000002
0000093C
40D80000
00000000
80000000
00000000
00000000
02000000
00000081
00000018
0001D004
00000000
0000093C
00000000
00000003
0001D210
00000F00
00000F00
00000000
0001D214
80000000
00000080
00000010
00000001
00010100
00000001
0001D000
0000002C
00000002
00000944
40D80000
00000000
80000000
00000000
00000000
02000000
00000081
00000018
0001D004
00000000
00000944
00000000
00000003
0001D210
00000F00
00000F00
00000000
0001D214
80000000
00000080
00000010
00000001
00010100
00000001
0001D000
0000002C
00000002
0000094C
40D80000
00000000
80000000
00000000
00000000
02000000
00000081
00000018
0001D004
00000000
0000094C
00000000
00000003
0001D210
00000F00
00000F00
00000000
0001D214
80000000
00000080
00000010
00000001
00010100
00000001
0001D000
0000002C
00000002
00000954
40D80000
00000000
80000000
00000000
00000000
02000000
00000081
00000018
0001D004
00000000
00000954
00000000
00000003
0001D210
00000F00
00000F00
00000000
0001D214
80000000
00000080
00000010
00000001
00010100
00000001
0001D000
0000002C
00000002
0000095C
40D80000
00000000
80000000
00000000
00000000
02000000
00000081
00000018
0001D004
00000000
0000095C
00000000
00000003
0001D210
00000F00
00000F00
00000000
0001D214
80000000
00000080
00000010
00000001
00010100
00000001
0001D000
0000002C
00000002
00000964
40D80000
00000000
80000000
00000000
00000000
02000000
00000081
00000018
0001D004
00000000
00000964
00000000
00000003
0001D210
00000F00
00000F00
00000000
0001D214
80000000
00000080
00000010
00000001
00010100
00000001
0001D000
0000002C
00000002
0000096C
40D80000
00000000
80000000
00000000
00000000
02000000
00000081
00000018
0001D004
00000000
0000096C
00000000
00000003
0001D210
00000F00
00000F00
00000000
0001D214
80000000
00000080
00000010
00000001
00010100
00000001
0001D000
0000002C
00000002
00000974
40D80000
00000000
80000000
00000000
00000000
02000000
00000081
00000018
0001D004
00000000
00000974
00000000
00000003
0001D210
00000F00
00000F00
00000000
0001D214
80000000
00000080
00000010
00000001
00010100
00000001
0001D000
0000002C
00000002
0000097C
40D80000
00000000
80000000
00000000
00000000
02000000
00000081
00000018
0001D004
00000000
0000097C
00000000
00000003
0001D210
00000F00
00000F00
00000000
0001D214
80000000
00000080
00000010
00000001
00010100
00000001
0001D000
0000002C
00000002
00000984
40D80000
00000000
80000000
00000000
00000000
02000000
00000081
00000018
0001D004
00000000
00000984
00000000
00000003
0001D210
00000F00
00000F00
00000000
0001D214
80000000
00000080
00000010
00000001
00010100
00000001
0001D000
0000002C
00000002
0000098C
40D80000
00000000
80000000
00000000
00000000
02000000
00000081
00000018
0001D004
00000000
0000098C
00000000
00000003
0001D210
00000F00
00000F00
00000000
0001D214
80000000
00000080
00000010
00000001
00010100
00000001
0001D000
0000002C
00000002
00000994
40D80000
00000000
80000000
00000000
00000000
02000000
00000081
00000018
0001D004
00000000
00000994
00000000
00000003
0001D210
00000F00
00000F00
00000000
0001D214
80000000
00000080
00000010
00000001
00010100
00000001
0001D000
0000002C
00000002
0000099C
40D80000
00000000
80000000
00000000
00000000
02000000
00000081
00000018
0001D004
00000000
0000099C
00000000
00000003
0001D210
00000F00
00000F00
00000000
0001D214
80000000
00000080
00000010
00000001
00010100
00000001
0001D000
0000002C
00000002
000009A4
40D80000
00000000
80000000
00000000
00000000
02000000
00000081
00000018
0001D004
00000000
000009A4
00000000
00000003
0001D210
00000F00
00000F00
00000000
0001D214
80000000
00000080
00000010
00000001
00010100
00000001
0001D000
0000002C
00000002
000009AC
40D80000
00000000
80000000
00000000
00000000
02000000
00000081
00000018
0001D004
00000000
000009AC
00000000
00000003
0001D210
00000F00
00000F00
00000000
0001D214
80000000
00000080
00000010
00000001
00010100
00000001
0001D000
0000002C
00000002
000009B4
40780000
00000000
80000000
00000000
00000000
02000000
00000081
00000018
0001D004
00000000
000009B4
00000000
00000003
0001D210
00000F00
00000F00
00000000
0001D214
80000000
00000080
00000010
00000001
00010100
00000001
0001D000
0000002C
00000002
000009BC
40780000
00000000
80000000
00000000
00000000
02000000
00000081
00000018
0001D004
00000000
000009BC
00000000
00000003
0001D210
00000F00
00000F00
00000000
0001D214
80000000
00000080
00000010
00000001
00010100
00000001
0001D000
0000002C
00000002
000009C4
40D80000
00000000
80000000
00000000
00000000
02000000
00000081
00000018
0001D004
00000000
000009C4
00000000
00000003
0001D210
00000F00
00000F00
00000000
0001D214
80000000
00000080
00000010
00000001
00010100
00000001
0001D000
0000002C
00000002
000009CC
40D80000
00000000
80000000
00000000
00000000
02000000
00000081
00000018
0001D004
00000000
000009CC
00000000
00000003
0001D210
00000F00
00000F00
00000000
0001D214
80000000
00000080
00000010
00000001
00010100
00000001
0001D000
0000002C
00000002
000009D4
40D80000
00000000
80000000
00000000
00000000
02000000
00000081
00000018
0001D004
00000000
000009D4
00000000
00000003
0001D210
00000F00
00000F00
00000000
0001D214
80000000
00000080
00000010
00000001
00010100
00000001
0001D000
0000002C
00000002
000009DC
40D80000
00000000
80000000
00000000
00000000
02000000
00000081
00000018
0001D004
00000000
000009DC
00000000
00000003
0001D210
00000F00
00000F00
00000000
0001D214
80000000
00000080
00000010
00000001
00010100
00000001
0001D000
0000002C
00000002
000009E4
40780000
00000000
80000000
00000000
00000000
02000000
00000081
00000018
0001D004
00000000
000009E4
00000000
00000003
0001D210
00000F00
00000F00
00000000
0001D214
80000000
00000080
00000010
00000001
00010100
00000001
0001D000
0000002C
00000002
000009EC
40780000
00000000
80000000
00000000
00000000
02000000
00000081
00000018
0001D004
00000000
000009EC
00000000
00000003
0001D210
00000F00
00000F00
00000000
0001D214
80000000
00000080
00000010
00000001
00010100
00000001
0001D000
0000002C
00000002
000009F4
40D80000
00000000
80000000
00000000
00000000
02000000
00000081
00000018
0001D004
00000000
000009F4
00000000
00000003
0001D210
00000F00
00000F00
00000000
0001D214
80000000
00000080
00000010
00000001
00010100
00000001
0001D000
0000002C
00000002
000009FC
40D80000
00000000
80000000
00000000
00000000
02000000
00000081
00000018
0001D004
00000000
000009FC
00000000
00000003
0001D210
00000F00
00000F00
00000000
0001D214
80000000
00000080
00000010
00000001
00010100
00000001
0001D000
0000002C
00000002
00000A04
40780000
00000000
80000000
00000000
00000000
02000000
00000081
00000018
0001D004
00000000
00000A04
00000000
00000003
0001D210
00000F00
00000F00
00000000
0001D214
80000000
00000080
00000010
00000001
00010100
00000001
0001D000
0000002C
00000002
00000A0C
40780000
00000000
80000000
00000000
00000000
02000000
00000081
00000018
0001D004
00000000
00000A0C
00000000
00000003
0001D210
00000F00
00000F00
00000000
0001D214
80000000
00000080
00000010
00000001
00010100
00000001
0001D000
0000002C
00000005
00000A14
40D80000
00000000
80000000
00000000
00000000
02000000
00000081
00000018
0001D004
00000000
00000A14
00000000
00000003
0001D210
00000F00
00000F00
00000000
0001D214
80000000
00000080
00000010
00000001
00010100
00000001
0001D000
0000002C
00000003
00000A28
40D80000
00000000
80000000
00000000
00000000
02000000
00000081
00000018
0001D004
00000000
00000A28
00000000
00000003
0001D210
00000F00
00000F00
00000000
0001D214
80000000
00000080
00000010
00000001
00010100
00000001
0001D000
0000002C
00000005
00000A34
40D80000
00000000
80000000
00000000
00000000
02000000
00000081
00000018
0001D004
00000000
00000A34
00000000
00000003
0001D210
00000F00
00000F00
00000000
0001D214
80000000
00000080
00000010
00000001
00010100
00000001
0001D000
0000002C
00000003
00000A48
40D80000
00000000
80000000
00000000
00000000
02000000
00000081
00000018
0001D004
00000000
00000A48
00000000
00000003
0001D210
00000F00
00000F00
00000000
0001D214
80000000
00000080
00000010
00000001
00010100
00000001
0001D000
0000002C
00000005
00000A54
40D80000
00000000
80000000
00000000
00000000
02000000
00000081
00000018
0001D004
00000000
00000A54
00000000
00000003
0001D210
00000F00
00000F00
00000000
0001D214
80000000
00000080
00000010
00000001
00010100
00000001
0001D000
0000002C
00000003
00000A68
40D80000
00000000
80000000
00000000
00000000
02000000
00000081
00000018
0001D004
00000000
00000A68
00000000
00000003
0001D210
00000F00
00000F00
00000000
0001D214
80000000
00000080
00000010
00000001
00010100
00000001
0001D000
0000002C
00000005
00000A74
40D80000
00000000
80000000
00000000
00000000
02000000
00000081
00000018
0001D004
00000000
00000A74
00000000
00000003
0001D210
00000F00
00000F00
00000000
0001D214
80000000
00000080
00000010
00000001
00010100
00000001
0001D000
0000002C
00000003
00000A88
40D80000
00000000
80000000
00000000
00000000
02000000
00000081
00000018
0001D004
00000000
00000A88
00000000
00000003
0001D210
00000F00
00000F00
00000000
0001D214
80000000
00000080
00000010
00000001
00010100
00000001
0001D000
0000002C
00000005
00000A94
40D80000
00000000
80000000
00000000
00000000
02000000
00000081
00000018
0001D004
00000000
00000A94
00000000
00000003
0001D210
00000F00
00000F00
00000000
0001D214
80000000
00000080
00000010
00000001
00010100
00000001
0001D000
0000002C
00000003
00000AA8
40D80000
00000000
80000000
00000000
00000000
02000000
00000081
00000018
0001D004
00000000
00000AA8
00000000
00000003
0001D210
00000F00
00000F00
00000000
0001D214
80000000
00000080
00000010
00000001
00010100
00000001
0001D000
0000002C
00000005
00000AB4
40D80000
00000000
80000000
00000000
00000000
02000000
00000081
00000018
0001D004
00000000
00000AB4
00000000
00000003
0001D210
00000F00
00000F00
00000000
0001D214
80000000
00000080
00000010
00000001
00010100
00000001
0001D000
0000002C
00000003
00000AC8
40D80000
00000000
80000000
00000000
00000000
02000000
00000081
00000018
0001D004
00000000
00000AC8
00000000
00000003
0001D210
00000F00
00000F00
00000000
0001D214
80000000
00000080
00000010
00000001
00010100
00000001
0001D000
0000002C
00000002
00000AD4
40D80000
00000000
80000000
00000000
00000000
02000000
00000081
00000018
0001D004
00000000
00000AD4
00000000
00000003
0001D210
00000F00
00000F00
00000000
0001D214
80000000
00000080
00000010
00000001
00010100
00000001
0001D000
0000002C
00000002
00000ADC
40D80000
00000000
80000000
00000000
00000000
02000000
00000081
00000018
0001D004
00000000
00000ADC
00000000
00000003
0001D210
00000F00
00000F00
00000000
0001D214
80000000
00000080
00000010
00000001
00010100
00000001
0001D000
0000002C
00000002
00000AE4
40D80000
00000000
80000000
00000000
00000000
02000000
00000081
00000018
0001D004
00000000
00000AE4
00000000
00000003
0001D210
00000F00
00000F00
00000000
0001D214
80000000
00000080
00000010
00000001
00010100
00000001
0001D000
0000002C
00000002
00000AEC
40D80000
00000000
80000000
00000000
00000000
02000000
00000081
00000018
0001D004
00000000
00000AEC
00000000
00000003
0001D210
00000F00
00000F00
00000000
0001D214
80000000
00000080
00000010
00000001
00010100
00000001
0001D000
0000002C
00000002
00000AF4
40D80000
00000000
80000000
00000000
00000000
02000000
00000081
00000018
0001D004
00000000
00000AF4
00000000
00000003
0001D210
00000F00
00000F00
00000000
0001D214
80000000
00000080
00000010
00000001
00010100
00000001
0001D000
0000002C
00000002
00000AFC
40D80000
00000000
80000000
00000000
00000000
02000000
00000081
00000018
0001D004
00000000
00000AFC
00000000
00000003
0001D210
00000F00
00000F00
00000000
0001D214
80000000
00000080
00000010
00000001
00010100
00000001
0001D000
0000002C
00000002
00000B04
40780000
00000000
80000000
00000000
00000000
02000000
00000081
00000018
0001D004
00000000
00000B04
00000000
00000003
0001D210
00000F00
00000F00
00000000
0001D214
80000000
00000080
00000010
00000001
00010100
00000001
0001D000
0000002C
00000002
00000B0C
40780000
00000000
80000000
00000000
00000000
02000000
00000081
00000018
0001D004
00000000
00000B0C
00000000
00000003
0001D210
00000F00
00000F00
00000000
0001D214
80000000
00000080
00000010
00000001
00010100
00000001
0001D000
0000002C
00000002
00000B14
40780000
00000000
80000000
00000000
00000000
02000000
00000081
00000018
0001D004
00000000
00000B14
00000000
00000003
0001D210
00000F00
00000F00
00000000
0001D214
80000000
00000080
00000010
00000001
00010100
00000001
0001D000
0000002C
00000002
00000B1C
40780000
00000000
80000000
00000000
00000000
02000000
00000081
00000018
0001D004
00000000
00000B1C
00000000
00000003
0001D210
00000F00
00000F00
00000000
0001D214
80000000
00000080
00000010
00000001
00010100
00000001
0001D000
0000002C
00000002
00000B24
40780000
00000000
80000000
00000000
00000000
02000000
00000081
00000018
0001D004
00000000
00000B24
00000000
00000003
0001D210
00000F00
00000F00
00000000
0001D214
80000000
00000080
00000010
00000001
00010100
00000001
0001D000
0000002C
00000002
00000B2C
40780000
00000000
80000000
00000000
00000000
02000000
00000081
00000018
0001D004
00000000
00000B2C
00000000
00000003
0001D210
00000F00
00000F00
00000000
0001D214
80000000
00000080
00000010
00000001
00010100
00000001
0001D000
0000002C
00000002
00000B34
40780000
00000000
80000000
00000000
00000000
02000000
00000081
00000018
0001D004
00000000
00000B34
00000000
00000003
0001D210
00000F00
00000F00
00000000
0001D214
80000000
00000080
00000010
00000001
00010100
00000001
0001D000
0000002C
00000002
00000B3C
40780000
00000000
80000000
00000000
00000000
02000000
00000081
00000018
0001D004
00000000
00000B3C
00000000
00000003
0001D210
00000F00
00000F00
00000000
0001D214
80000000
00000080
00000010
00000001
00010100
00000001
0001D000
0000002C
00000002
00000B44
40780000
00000000
80000000
00000000
00000000
02000000
00000081
00000018
0001D004
00000000
00000B44
00000000
00000003
0001D210
00000F00
00000F00
00000000
0001D214
80000000
00000080
00000010
00000001
00010100
00000001
0001D000
0000002C
00000002
00000B4C
40780000
00000000
80000000
00000000
00000000
02000000
00000081
00000018
0001D004
00000000
00000B4C
00000000
00000003
0001D210
00000F00
00000F00
00000000
0001D214
80000000
00000080
00000010
00000001
00010100
00000001
0001D000
0000002C
00000002
00000B54
40780000
00000000
80000000
00000000
00000000
02000000
00000081
00000018
0001D004
00000000
00000B54
00000000
00000003
0001D210
00000F00
00000F00
00000000
0001D214
80000000
00000080
00000010
00000001
00010100
00000001
0001D000
0000002C
00000002
00000B5C
40D00000
00000000
80000000
00000000
00000000
02000000
00000081
00000018
0001D004
00000000
00000B5C
00000000
00000003
0001D210
00000F00
00000F00
00000000
0001D214
80000000
00000080
00000010
00000001
00010100
00000001
0001D000
0000002C
00000002
00000B64
40D00000
00000000
80000000
00000000
00000000
02000000
00000081
00000018
0001D004
00000000
00000B64
00000000
00000003
0001D210
00000F00
00000F00
00000000
0001D214
80000000
00000080
00000010
00000001
00010100
00000001
0001D000
0000002C
00000002
00000B6C
40D00000
00000000
80000000
00000000
00000000
02000000
00000081
00000018
0001D004
00000000
00000B6C
00000000
00000003
0001D210
00000F00
00000F00
00000000
0001D214
80000000
00000080
00000010
00000001
00010100
00000001
0001D000
0000002C
00000002
00000B74
40D00000
00000000
80000000
00000000
00000000
02000000
00000081
00000018
0001D004
00000000
00000B74
00000000
00000003
0001D210
00000F00
00000F00
00000000
0001D214
80000000
00000080
00000010
00000001
00010100
00000001
0001D000
0000002C
00000002
00000B7C
40D00000
00000000
80000000
00000000
00000000
02000000
00000081
00000018
0001D004
00000000
00000B7C
00000000
00000003
0001D210
00000F00
00000F00
00000000
0001D214
80000000
00000080
00000010
00000001
00010100
00000001
0001D000
0000002C
00000002
00000B84
40D00000
00000000
80000000
00000000
00000000
02000000
00000081
00000018
0001D004
00000000
00000B84
00000000
00000003
0001D210
00000F00
00000F00
00000000
0001D214
80000000
00000080
00000010
00000001
00010100
00000001
0001D000
0000002C
00000002
00000B8C
40D80000
00000000
80000000
00000000
00000000
02000000
00000081
00000018
0001D004
00000000
00000B8C
00000000
00000003
0001D210
00000F00
00000F00
00000000
0001D214
80000000
00000080
00000010
00000001
00010100
00000001
0001D000
0000002C
00000002
00000B94
40D80000
00000000
80000000
00000000
00000000
02000000
00000081
00000018
0001D004
00000000
00000B94
00000000
00000003
0001D210
00000F00
00000F00
00000000
0001D214
80000000
00000080
00000010
00000001
00010100
00000001
0001D000
0000002C
00000002
00000B9C
40D80000
00000000
80000000
00000000
00000000
02000000
00000081
00000018
0001D004
00000000
00000B9C
00000000
00000003
0001D210
00000F00
00000F00
00000000
0001D214
80000000
00000080
00000010
00000001
00010100
00000001
0001D000
0000002C
00000002
00000BA4
40D80000
00000000
80000000
00000000
00000000
02000000
00000081
00000018
0001D004
00000000
00000BA4
00000000
00000003
0001D210
00000F00
00000F00
00000000
0001D214
80000000
00000080
00000010
00000001
00010100
00000001
0001D000
0000002C
00000002
00000BAC
40D80000
00000000
80000000
00000000
00000000
02000000
00000081
00000018
0001D004
00000000
00000BAC
00000000
00000003
0001D210
00000F00
00000F00
00000000
0001D214
80000000
00000080
00000010
00000001
00010100
00000001
0001D000
0000002C
00000002
00000BB4
40D80000
00000000
80000000
00000000
00000000
02000000
00000081
00000018
0001D004
00000000
00000BB4
00000000
00000003
0001D210
00000F00
00000F00
00000000
0001D214
80000000
00000080
00000010
00000001
00010100
00000001
0001D000
0000002C
00000002
00000BBC
40D80000
00000000
80000000
00000000
00000000
02000000
00000081
00000018
0001D004
00000000
00000BBC
00000000
00000003
0001D210
00000F00
00000F00
00000000
0001D214
80000000
00000080
00000010
00000001
00010100
00000001
0001D000
0000002C
00000002
00000BC4
40D80000
00000000
80000000
00000000
00000000
02000000
00000081
00000018
0001D004
00000000
00000BC4
00000000
00000003
0001D210
00000F00
00000F00
00000000
0001D214
80000000
00000080
00000010
00000001
00010100
00000001
0001D000
0000002C
00000002
00000BCC
40780000
00000000
80000000
00000000
00000000
02000000
00000081
00000018
0001D004
00000000
00000BCC
00000000
00000003
0001D210
00000F00
00000F00
00000000
0001D214
80000000
00000080
00000010
00000001
00010100
00000001
0001D000
0000002C
00000002
00000BD4
40780000
00000000
80000000
00000000
00000000
02000000
00000081
00000018
0001D004
00000000
00000BD4
00000000
00000003
0001D210
00000F00
00000F00
00000000
0001D214
80000000
00000080
00000010
00000001
00010100
00000001
0001D000
0000002C
00000002
00000BDC
40780000
00000000
80000000
00000000
00000000
02000000
00000081
00000018
0001D004
00000000
00000BDC
00000000
00000003
0001D210
00000F00
00000F00
00000000
0001D214
80000000
00000080
00000010
00000001
00010100
00000001
0001D000
0000002C
00000002
00000BE4
40D80000
00000000
80000000
00000000
00000000
02000000
00000081
00000018
0001D004
00000000
00000BE4
00000000
00000003
0001D210
00000F00
00000F00
00000000
0001D214
80000000
00000080
00000010
00000001
00010100
