06030001
00000101
0000033E
000048B0
00000001
0001D000
0000002C
00000002
00000000
40D80000
00000000
80000000
00000000
00000000
02000000
00000081
00000018
0001D004
00000000
00000000
00000000
00000003
0001D210
00000F00
00000F00
00000000
0001D214
80000000
00000080
00000010
00000001
00010100
00000001
0001D000
0000002C
00000002
00000008
40D80000
00000000
80000000
00000000
00000000
02000000
00000081
00000018
0001D004
00000000
00000008
00000000
00000003
0001D210
00000F00
00000F00
00000000
0001D214
80000000
00000080
00000010
00000001
00010100
00000001
0001D000
0000002C
00000002
00000010
40D80000
00000000
80000000
00000000
00000000
02000000
00000081
00000018
0001D004
00000000
00000010
00000000
00000003
0001D210
00000F00
00000F00
00000000
0001D214
80000000
00000080
00000010
00000001
00010100
00000001
0001D000
0000002C
00000002
00000018
40D80000
00000000
80000000
00000000
00000000
02000000
00000081
00000018
0001D004
00000000
00000018
00000000
00000003
0001D210
00000F00
00000F00
00000000
0001D214
80000000
00000080
00000010
00000001
00010100
00000001
0001D000
0000002C
00000002
00000020
40D80000
00000000
80000000
00000000
00000000
02000000
00000081
00000018
0001D004
00000000
00000020
00000000
00000003
0001D210
00000F00
00000F00
00000000
0001D214
80000000
00000080
00000010
00000001
00010100
00000001
0001D000
0000002C
00000005
00000028
40D80000
00000000
80000000
00000000
00000000
02000000
00000081
00000018
0001D004
00000000
00000028
00000000
00000003
0001D210
00000F00
00000F00
00000000
0001D214
80000000
00000080
00000010
00000001
00010100
00000001
0001D000
0000002C
00000005
0000003C
40D80000
00000000
80000000
00000000
00000000
02000000
00000081
00000018
0001D004
00000000
0000003C
00000000
00000003
0001D210
00000F00
00000F00
00000000
0001D214
80000000
00000080
00000010
00000001
00010100
00000001
0001D000
0000002C
00000002
00000050
40D80000
00000000
80000000
00000000
00000000
02000000
00000081
00000018
0001D004
00000000
00000050
00000000
00000003
0001D210
00000F00
00000F00
00000000
0001D214
80000000
00000080
00000010
00000001
00010100
00000001
0001D000
0000002C
00000005
00000058
40D80000
00000000
80000000
00000000
00000000
02000000
00000081
00000018
0001D004
00000000
00000058
00000000
00000003
0001D210
00000F00
00000F00
00000000
0001D214
80000000
00000080
00000010
00000001
00010100
00000001
0001D000
0000002C
00000005
0000006C
40D80000
00000000
80000000
00000000
00000000
02000000
00000081
00000018
0001D004
00000000
0000006C
00000000
00000003
0001D210
00000F00
00000F00
00000000
0001D214
80000000
00000080
00000010
00000001
00010100
00000001
0001D000
0000002C
00000005
00000080
40D80000
00000000
80000000
00000000
00000000
02000000
00000081
00000018
0001D004
00000000
00000080
00000000
00000003
0001D210
00000F00
00000F00
00000000
0001D214
80000000
00000080
00000010
00000001
00010100
00000001
0001D000
0000002C
00000005
00000094
40D80000
00000000
80000000
00000000
00000000
02000000
00000081
00000018
0001D004
00000000
00000094
00000000
00000003
0001D210
00000F00
00000F00
00000000
0001D214
80000000
00000080
00000010
00000001
00010100
00000001
0001D000
0000002C
00000005
000000A8
40D80000
00000000
80000000
00000000
00000000
02000000
00000081
00000018
0001D004
00000000
000000A8
00000000
00000003
0001D210
00000F00
00000F00
00000000
0001D214
80000000
00000080
00000010
00000001
00010100
00000001
0001D000
0000002C
00000005
000000BC
40D80000
00000000
80000000
00000000
00000000
02000000
00000081
00000018
0001D004
00000000
000000BC
00000000
00000003
0001D210
00000F00
00000F00
00000000
0001D214
80000000
00000080
00000010
00000001
00010100
00000001
0001D000
0000002C
00000005
000000D0
40D80000
00000000
80000000
00000000
00000000
02000000
00000081
00000018
0001D004
00000000
000000D0
00000000
00000003
0001D210
00000F00
00000F00
00000000
0001D214
80000000
00000080
00000010
00000001
00010100
00000001
0001D000
0000002C
00000005
000000E4
40D80000
00000000
80000000
00000000
00000000
02000000
00000081
00000018
0001D004
00000000
000000E4
00000000
00000003
0001D210
00000F00
00000F00
00000000
0001D214
80000000
00000080
00000010
00000001
00010100
00000001
0001D000
0000002C
00000005
000000F8
40D80000
00000000
80000000
00000000
00000000
02000000
00000081
00000018
0001D004
00000000
000000F8
00000000
00000003
0001D210
00000F00
00000F00
00000000
0001D214
80000000
00000080
00000010
00000001
00010100
00000001
0001D000
0000002C
00000005
0000010C
40D80000
00000000
80000000
00000000
00000000
02000000
00000081
00000018
0001D004
00000000
0000010C
00000000
00000003
0001D210
00000F00
00000F00
00000000
0001D214
80000000
00000080
00000010
00000001
00010100
00000001
0001D000
0000002C
00000005
00000120
40D80000
00000000
80000000
00000000
00000000
02000000
00000081
00000018
0001D004
00000000
00000120
00000000
00000003
0001D210
00000F00
00000F00
00000000
0001D214
80000000
00000080
00000010
00000001
00010100
00000001
0001D000
0000002C
00000005
00000134
40D80000
00000000
80000000
00000000
00000000
02000000
00000081
00000018
0001D004
00000000
00000134
00000000
00000003
0001D210
00000F00
00000F00
00000000
0001D214
80000000
00000080
00000010
00000001
00010100
00000001
0001D000
0000002C
00000005
00000148
40D80000
00000000
80000000
00000000
00000000
02000000
00000081
00000018
0001D004
00000000
00000148
00000000
00000003
0001D210
00000F00
00000F00
00000000
0001D214
80000000
00000080
00000010
00000001
00010100
00000001
0001D000
0000002C
00000005
0000015C
40D80000
00000000
80000000
00000000
00000000
02000000
00000081
00000018
0001D004
00000000
0000015C
00000000
00000003
0001D210
00000F00
00000F00
00000000
0001D214
80000000
00000080
00000010
00000001
00010100
00000001
0001D000
0000002C
00000005
00000170
40D80000
00000000
80000000
00000000
00000000
02000000
00000081
00000018
0001D004
00000000
00000170
00000000
00000003
0001D210
00000F00
00000F00
00000000
0001D214
80000000
00000080
00000010
00000001
00010100
00000001
0001D000
0000002C
00000005
00000184
40D80000
00000000
80000000
00000000
00000000
02000000
00000081
00000018
0001D004
00000000
00000184
00000000
00000003
0001D210
00000F00
00000F00
00000000
0001D214
80000000
00000080
00000010
00000001
00010100
00000001
0001D000
0000002C
00000005
00000198
40D80000
00000000
80000000
00000000
00000000
02000000
00000081
00000018
0001D004
00000000
00000198
00000000
00000003
0001D210
00000F00
00000F00
00000000
0001D214
80000000
00000080
00000010
00000001
00010100
00000001
0001D000
0000002C
00000005
000001AC
40D80000
00000000
80000000
00000000
00000000
02000000
00000081
00000018
0001D004
00000000
000001AC
00000000
00000003
0001D210
00000F00
00000F00
00000000
0001D214
80000000
00000080
00000010
00000001
00010100
00000001
0001D000
0000002C
00000005
000001C0
40D80000
00000000
80000000
00000000
00000000
02000000
00000081
00000018
0001D004
00000000
000001C0
00000000
00000003
0001D210
00000F00
00000F00
00000000
0001D214
80000000
00000080
00000010
00000001
00010100
00000001
0001D000
0000002C
00000005
000001D4
40D80000
00000000
80000000
00000000
00000000
02000000
00000081
00000018
0001D004
00000000
000001D4
00000000
00000003
0001D210
00000F00
00000F00
00000000
0001D214
80000000
00000080
00000010
00000001
00010100
00000001
0001D000
0000002C
00000005
000001E8
40D80000
00000000
80000000
00000000
00000000
02000000
00000081
00000018
0001D004
00000000
000001E8
00000000
00000003
0001D210
00000F00
00000F00
00000000
0001D214
80000000
00000080
00000010
00000001
00010100
00000001
0001D000
0000002C
00000005
000001FC
40D80000
00000000
80000000
00000000
00000000
02000000
00000081
00000018
0001D004
00000000
000001FC
00000000
00000003
0001D210
00000F00
00000F00
00000000
0001D214
80000000
00000080
00000010
00000001
00010100
00000001
0001D000
0000002C
00000005
00000210
40D80000
00000000
80000000
00000000
00000000
02000000
00000081
00000018
0001D004
00000000
00000210
00000000
00000003
0001D210
00000F00
00000F00
00000000
0001D214
80000000
00000080
00000010
00000001
00010100
00000001
0001D000
0000002C
00000005
00000224
40D80000
00000000
80000000
00000000
00000000
02000000
00000081
00000018
0001D004
00000000
00000224
00000000
00000003
0001D210
00000F00
00000F00
00000000
0001D214
80000000
00000080
00000010
00000001
00010100
00000001
0001D000
0000002C
00000005
00000238
40D80000
00000000
80000000
00000000
00000000
02000000
00000081
00000018
0001D004
00000000
00000238
00000000
00000003
0001D210
00000F00
00000F00
00000000
0001D214
80000000
00000080
00000010
00000001
00010100
00000001
0001D000
0000002C
00000005
0000024C
40D80000
00000000
80000000
00000000
00000000
02000000
00000081
00000018
0001D004
00000000
0000024C
00000000
00000003
0001D210
00000F00
00000F00
00000000
0001D214
80000000
00000080
00000010
00000001
00010100
00000001
0001D000
0000002C
00000005
00000260
40D80000
00000000
80000000
00000000
00000000
02000000
00000081
00000018
0001D004
00000000
00000260
00000000
00000003
0001D210
00000F00
00000F00
00000000
0001D214
80000000
00000080
00000010
00000001
00010100
00000001
0001D000
0000002C
00000005
00000274
40D80000
00000000
80000000
00000000
00000000
02000000
00000081
00000018
0001D004
00000000
00000274
00000000
00000003
0001D210
00000F00
00000F00
00000000
0001D214
80000000
00000080
00000010
00000001
00010100
00000001
0001D000
0000002C
00000005
00000288
40D80000
00000000
80000000
00000000
00000000
02000000
00000081
00000018
0001D004
00000000
00000288
00000000
00000003
0001D210
00000F00
00000F00
00000000
0001D214
80000000
00000080
00000010
00000001
00010100
00000001
0001D000
0000002C
00000005
0000029C
40D80000
00000000
80000000
00000000
00000000
02000000
00000081
00000018
0001D004
00000000
0000029C
00000000
00000003
0001D210
00000F00
00000F00
00000000
0001D214
80000000
00000080
00000010
00000001
00010100
00000001
0001D000
0000002C
00000005
000002B0
40D80000
00000000
80000000
00000000
00000000
02000000
00000081
00000018
0001D004
00000000
000002B0
00000000
00000003
0001D210
00000F00
00000F00
00000000
0001D214
80000000
00000080
00000010
00000001
00010100
00000001
0001D000
0000002C
00000005
000002C4
40D80000
00000000
80000000
00000000
00000000
02000000
00000081
00000018
0001D004
00000000
000002C4
00000000
00000003
0001D210
00000F00
00000F00
00000000
0001D214
80000000
00000080
00000010
00000001
00010100
00000001
0001D000
0000002C
00000005
000002D8
40D80000
00000000
80000000
00000000
00000000
02000000
00000081
00000018
0001D004
00000000
000002D8
00000000
00000003
0001D210
00000F00
00000F00
00000000
0001D214
80000000
00000080
00000010
00000001
00010100
00000001
0001D000
0000002C
00000005
000002EC
40D80000
00000000
80000000
00000000
00000000
02000000
00000081
00000018
0001D004
00000000
000002EC
00000000
00000003
0001D210
00000F00
00000F00
00000000
0001D214
80000000
00000080
00000010
00000001
00010100
00000001
0001D000
0000002C
00000005
00000300
40D80000
00000000
80000000
00000000
00000000
02000000
00000081
00000018
0001D004
00000000
00000300
00000000
00000003
0001D210
00000F00
00000F00
00000000
0001D214
80000000
00000080
00000010
00000001
00010100
00000001
0001D000
0000002C
00000005
00000314
40D80000
00000000
80000000
00000000
00000000
02000000
00000081
00000018
0001D004
00000000
00000314
00000000
00000003
0001D210
00000F00
00000F00
00000000
0001D214
80000000
00000080
00000010
00000001
00010100
00000001
0001D000
0000002C
00000005
00000328
40D80000
00000000
80000000
00000000
00000000
02000000
00000081
00000018
0001D004
00000000
00000328
00000000
00000003
0001D210
00000F00
00000F00
00000000
0001D214
80000000
00000080
00000010
00000001
00010100
00000001
0001D000
0000002C
00000005
0000033C
40D80000
00000000
80000000
00000000
00000000
02000000
00000081
00000018
0001D004
00000000
0000033C
00000000
00000003
0001D210
00000F00
00000F00
00000000
0001D214
80000000
00000080
00000010
00000001
00010100
00000001
0001D000
0000002C
00000005
00000350
40D80000
00000000
80000000
00000000
00000000
02000000
00000081
00000018
0001D004
00000000
00000350
00000000
00000003
0001D210
00000F00
00000F00
00000000
0001D214
80000000
00000080
00000010
00000001
00010100
00000001
0001D000
0000002C
00000005
00000364
40D80000
00000000
80000000
00000000
00000000
02000000
00000081
00000018
0001D004
00000000
00000364
00000000
00000003
0001D210
00000F00
00000F00
00000000
0001D214
80000000
00000080
00000010
00000001
00010100
00000001
0001D000
0000002C
00000005
00000378
40D80000
00000000
80000000
00000000
00000000
02000000
00000081
00000018
0001D004
00000000
00000378
00000000
00000003
0001D210
00000F00
00000F00
00000000
0001D214
80000000
00000080
00000010
00000001
00010100
00000001
0001D000
0000002C
00000005
0000038C
40D80000
00000000
80000000
00000000
00000000
02000000
00000081
00000018
0001D004
00000000
0000038C
00000000
00000003
0001D210
00000F00
00000F00
00000000
0001D214
80000000
00000080
00000010
00000001
00010100
00000001
0001D000
0000002C
00000005
000003A0
40D80000
00000000
80000000
00000000
00000000
02000000
00000081
00000018
0001D004
00000000
000003A0
00000000
00000003
0001D210
00000F00
00000F00
00000000
0001D214
80000000
00000080
00000010
00000001
00010100
00000001
0001D000
0000002C
00000005
000003B4
40D80000
00000000
80000000
00000000
00000000
02000000
00000081
00000018
0001D004
00000000
000003B4
00000000
00000003
0001D210
00000F00
00000F00
00000000
0001D214
80000000
00000080
00000010
00000001
00010100
00000001
0001D000
0000002C
00000005
000003C8
40D80000
00000000
80000000
00000000
00000000
02000000
00000081
00000018
0001D004
00000000
000003C8
00000000
00000003
0001D210
00000F00
00000F00
00000000
0001D214
80000000
00000080
00000010
00000001
00010100
00000001
0001D000
0000002C
00000005
000003DC
40D80000
00000000
80000000
00000000
00000000
02000000
00000081
00000018
0001D004
00000000
000003DC
00000000
00000003
0001D210
00000F00
00000F00
00000000
0001D214
80000000
00000080
00000010
00000001
00010100
00000001
0001D000
0000002C
00000005
000003F0
40D80000
00000000
80000000
00000000
00000000
02000000
00000081
00000018
0001D004
00000000
000003F0
00000000
00000003
0001D210
00000F00
00000F00
00000000
0001D214
80000000
00000080
00000010
00000001
00010100
00000001
0001D000
0000002C
00000005
00000404
40D80000
00000000
80000000
00000000
00000000
02000000
00000081
00000018
0001D004
00000000
00000404
00000000
00000003
0001D210
00000F00
00000F00
00000000
0001D214
80000000
00000080
00000010
00000001
00010100
00000001
0001D000
0000002C
00000005
00000418
40D80000
00000000
80000000
00000000
00000000
02000000
00000081
00000018
0001D004
00000000
00000418
00000000
00000003
0001D210
00000F00
00000F00
00000000
0001D214
80000000
00000080
00000010
00000001
00010100
00000001
0001D000
0000002C
00000005
0000042C
40D80000
00000000
80000000
00000000
00000000
02000000
00000081
00000018
0001D004
00000000
0000042C
00000000
00000003
0001D210
00000F00
00000F00
00000000
0001D214
80000000
00000080
00000010
00000001
00010100
00000001
0001D000
0000002C
00000005
00000440
40D80000
00000000
80000000
00000000
00000000
02000000
00000081
00000018
0001D004
00000000
00000440
00000000
00000003
0001D210
00000F00
00000F00
00000000
0001D214
80000000
00000080
00000010
00000001
00010100
00000001
0001D000
0000002C
00000005
00000454
40D80000
00000000
80000000
00000000
00000000
02000000
00000081
00000018
0001D004
00000000
00000454
00000000
00000003
0001D210
00000F00
00000F00
00000000
0001D214
80000000
00000080
00000010
00000001
00010100
00000001
0001D000
0000002C
00000005
00000468
40D80000
00000000
80000000
00000000
00000000
02000000
00000081
00000018
0001D004
00000000
00000468
00000000
00000003
0001D210
00000F00
00000F00
00000000
0001D214
80000000
00000080
00000010
00000001
00010100
00000001
0001D000
0000002C
00000005
0000047C
40D80000
00000000
80000000
00000000
00000000
02000000
00000081
00000018
0001D004
00000000
0000047C
00000000
00000003
0001D210
00000F00
00000F00
00000000
0001D214
80000000
00000080
00000010
00000001
00010100
00000001
0001D000
0000002C
00000005
00000490
40D80000
00000000
80000000
00000000
00000000
02000000
00000081
00000018
0001D004
00000000
00000490
00000000
00000003
0001D210
00000F00
00000F00
00000000
0001D214
80000000
00000080
00000010
00000001
00010100
00000001
0001D000
0000002C
00000005
000004A4
40D80000
00000000
80000000
00000000
00000000
02000000
00000081
00000018
0001D004
00000000
000004A4
00000000
00000003
0001D210
00000F00
00000F00
00000000
0001D214
80000000
00000080
00000010
00000001
00010100
00000001
0001D000
0000002C
00000005
000004B8
40D80000
00000000
80000000
00000000
00000000
02000000
00000081
00000018
0001D004
00000000
000004B8
00000000
00000003
0001D210
00000F00
00000F00
00000000
0001D214
80000000
00000080
00000010
00000001
00010100
00000001
0001D000
0000002C
00000005
000004CC
40D80000
00000000
80000000
00000000
00000000
02000000
00000081
00000018
0001D004
00000000
000004CC
00000000
00000003
0001D210
00000F00
00000F00
00000000
0001D214
80000000
00000080
00000010
00000001
00010100
00000001
0001D000
0000002C
00000005
000004E0
40D80000
00000000
80000000
00000000
00000000
02000000
00000081
00000018
0001D004
00000000
000004E0
00000000
00000003
0001D210
00000F00
00000F00
00000000
0001D214
80000000
00000080
00000010
00000001
00010100
00000001
0001D000
0000002C
00000002
000004F4
40D80000
00000000
80000000
00000000
00000000
02000000
00000081
00000018
0001D004
00000000
000004F4
00000000
00000003
0001D210
00000F00
00000F00
00000000
0001D214
80000000
00000080
00000010
00000001
00010100
00000001
0001D000
0000002C
00000002
000004FC
40D80000
00000000
80000000
00000000
00000000
02000000
00000081
00000018
0001D004
00000000
000004FC
00000000
00000003
0001D210
00000F00
00000F00
00000000
0001D214
80000000
00000080
00000010
00000001
00010100
00000001
0001D000
0000002C
00000002
00000504
40D80000
00000000
80000000
00000000
00000000
02000000
00000081
00000018
0001D004
00000000
00000504
00000000
00000003
0001D210
00000F00
00000F00
00000000
0001D214
80000000
00000080
00000010
00000001
00010100
00000001
0001D000
0000002C
00000002
0000050C
40D80000
00000000
80000000
00000000
00000000
02000000
00000081
00000018
0001D004
00000000
0000050C
00000000
00000003
0001D210
00000F00
00000F00
00000000
0001D214
80000000
00000080
00000010
00000001
00010100
00000001
0001D000
0000002C
00000002
00000514
40D80000
00000000
80000000
00000000
00000000
02000000
00000081
00000018
0001D004
00000000
00000514
00000000
00000003
0001D210
00000F00
00000F00
00000000
0001D214
80000000
00000080
00000010
00000001
00010100
00000001
0001D000
0000002C
00000002
0000051C
40D80000
00000000
80000000
00000000
00000000
02000000
00000081
00000018
0001D004
00000000
0000051C
00000000
00000003
0001D210
00000F00
00000F00
00000000
0001D214
80000000
00000080
00000010
00000001
00010100
00000001
0001D000
0000002C
00000002
00000524
40D80000
00000000
80000000
00000000
00000000
02000000
00000081
00000018
0001D004
00000000
00000524
00000000
00000003
0001D210
00000F00
00000F00
00000000
0001D214
80000000
00000080
00000010
00000001
00010100
00000001
0001D000
0000002C
00000002
0000052C
40D80000
00000000
80000000
00000000
00000000
02000000
00000081
00000018
0001D004
00000000
0000052C
00000000
00000003
0001D210
00000F00
00000F00
00000000
0001D214
80000000
00000080
00000010
00000001
00010100
00000001
0001D000
0000002C
00000002
00000534
40D80000
00000000
80000000
00000000
00000000
02000000
00000081
00000018
0001D004
00000000
00000534
00000000
00000003
0001D210
00000F00
00000F00
00000000
0001D214
80000000
00000080
00000010
00000001
00010100
00000001
0001D000
0000002C
00000002
0000053C
40D80000
00000000
80000000
00000000
00000000
02000000
00000081
00000018
0001D004
00000000
0000053C
00000000
00000003
0001D210
00000F00
00000F00
00000000
0001D214
80000000
00000080
00000010
00000001
00010100
00000001
0001D000
0000002C
00000002
00000544
40D80000
00000000
80000000
00000000
00000000
02000000
00000081
00000018
0001D004
00000000
00000544
00000000
00000003
0001D210
00000F00
00000F00
00000000
0001D214
80000000
00000080
00000010
00000001
00010100
00000001
0001D000
0000002C
00000002
0000054C
40D80000
00000000
80000000
00000000
00000000
02000000
00000081
00000018
0001D004
00000000
0000054C
00000000
00000003
0001D210
00000F00
00000F00
00000000
0001D214
80000000
00000080
00000010
00000001
00010100
00000001
0001D000
0000002C
00000002
00000554
40D80000
00000000
80000000
00000000
00000000
02000000
00000081
00000018
0001D004
00000000
00000554
00000000
00000003
0001D210
00000F00
00000F00
00000000
0001D214
80000000
00000080
00000010
00000001
00010100
00000001
0001D000
0000002C
00000002
0000055C
40D80000
00000000
80000000
00000000
00000000
02000000
00000081
00000018
0001D004
00000000
0000055C
00000000
00000003
0001D210
00000F00
00000F00
00000000
0001D214
80000000
00000080
00000010
00000001
00010100
00000001
0001D000
0000002C
00000002
00000564
40D80000
00000000
80000000
00000000
00000000
02000000
00000081
00000018
0001D004
00000000
00000564
00000000
00000003
0001D210
00000F00
00000F00
00000000
0001D214
80000000
00000080
00000010
00000001
00010100
00000001
0001D000
0000002C
00000002
0000056C
40D80000
00000000
80000000
00000000
00000000
02000000
00000081
00000018
0001D004
00000000
0000056C
00000000
00000003
0001D210
00000F00
00000F00
00000000
0001D214
80000000
00000080
00000010
00000001
00010100
00000001
0001D000
0000002C
00000002
00000574
40D80000
00000000
80000000
00000000
00000000
02000000
00000081
00000018
0001D004
00000000
00000574
00000000
00000003
0001D210
00000F00
00000F00
00000000
0001D214
80000000
00000080
00000010
00000001
00010100
00000001
0001D000
0000002C
00000002
0000057C
40D80000
00000000
80000000
00000000
00000000
02000000
00000081
00000018
0001D004
00000000
0000057C
00000000
00000003
0001D210
00000F00
00000F00
00000000
0001D214
80000000
00000080
00000010
00000001
00010100
00000001
0001D000
0000002C
00000002
00000584
40D80000
00000000
80000000
00000000
00000000
02000000
00000081
00000018
0001D004
00000000
00000584
00000000
00000003
0001D210
00000F00
00000F00
00000000
0001D214
80000000
00000080
00000010
00000001
00010100
00000001
0001D000
0000002C
00000002
0000058C
40D80000
00000000
80000000
00000000
00000000
02000000
00000081
00000018
0001D004
00000000
0000058C
00000000
00000003
0001D210
00000F00
00000F00
00000000
0001D214
80000000
00000080
00000010
00000001
00010100
00000001
0001D000
0000002C
00000002
00000594
40D80000
00000000
80000000
00000000
00000000
02000000
00000081
00000018
0001D004
00000000
00000594
00000000
00000003
0001D210
00000F00
00000F00
00000000
0001D214
80000000
00000080
00000010
00000001
00010100
00000001
0001D000
0000002C
00000002
0000059C
40D80000
00000000
80000000
00000000
00000000
02000000
00000081
00000018
0001D004
00000000
0000059C
00000000
00000003
0001D210
00000F00
00000F00
00000000
0001D214
80000000
00000080
00000010
00000001
00010100
00000001
0001D000
0000002C
00000002
000005A4
40D80000
00000000
80000000
00000000
00000000
02000000
00000081
00000018
0001D004
00000000
000005A4
00000000
00000003
0001D210
00000F00
00000F00
00000000
0001D214
80000000
00000080
00000010
00000001
00010100
00000001
0001D000
0000002C
00000002
000005AC
40D80000
00000000
80000000
00000000
00000000
02000000
00000081
00000018
0001D004
00000000
000005AC
00000000
00000003
0001D210
00000F00
00000F00
00000000
0001D214
80000000
00000080
00000010
00000001
00010100
00000001
0001D000
0000002C
00000002
000005B4
40D80000
00000000
80000000
00000000
00000000
02000000
00000081
00000018
0001D004
00000000
000005B4
00000000
00000003
0001D210
00000F00
00000F00
00000000
0001D214
80000000
00000080
00000010
00000001
00010100
00000001
0001D000
0000002C
00000002
000005BC
40D80000
00000000
80000000
00000000
00000000
02000000
00000081
00000018
0001D004
00000000
000005BC
00000000
00000003
0001D210
00000F00
00000F00
00000000
0001D214
80000000
00000080
00000010
00000001
00010100
00000001
0001D000
0000002C
00000002
000005C4
40D00000
00000000
80000000
00000000
00000000
02000000
00000081
00000018
0001D004
00000000
000005C4
00000000
00000003
0001D210
00000F00
00000F00
00000000
0001D214
80000000
00000080
00000010
00000001
00010100
00000001
0001D000
0000002C
00000002
000005CC
40D00000
00000000
80000000
00000000
00000000
02000000
00000081
00000018
0001D004
00000000
000005CC
00000000
00000003
0001D210
00000F00
00000F00
00000000
0001D214
80000000
00000080
00000010
00000001
00010100
00000001
0001D000
0000002C
00000002
000005D4
40D00000
00000000
80000000
00000000
00000000
02000000
00000081
00000018
0001D004
00000000
000005D4
00000000
00000003
0001D210
00000F00
00000F00
00000000
0001D214
80000000
00000080
00000010
00000001
00010100
00000001
0001D000
0000002C
00000002
000005DC
40D00000
00000000
80000000
00000000
00000000
02000000
00000081
00000018
0001D004
00000000
000005DC
00000000
00000003
0001D210
00000F00
00000F00
00000000
0001D214
80000000
00000080
00000010
00000001
00010100
00000001
0001D000
0000002C
00000005
000005E4
40D80000
00000000
80000000
00000000
00000000
02000000
00000081
00000018
0001D004
00000000
000005E4
00000000
00000003
0001D210
00000F00
00000F00
00000000
0001D214
80000000
00000080
00000010
00000001
00010100
00000001
0001D000
0000002C
00000003
000005F8
40D80000
00000000
80000000
00000000
00000000
02000000
00000081
00000018
0001D004
00000000
000005F8
00000000
00000003
0001D210
00000F00
00000F00
00000000
0001D214
80000000
00000080
00000010
00000001
00010100
00000001
0001D000
0000002C
00000005
00000604
40D80000
00000000
80000000
00000000
00000000
02000000
00000081
00000018
0001D004
00000000
00000604
00000000
00000003
0001D210
00000F00
00000F00
00000000
0001D214
80000000
00000080
00000010
00000001
00010100
00000001
0001D000
0000002C
00000003
00000618
40D80000
00000000
80000000
00000000
00000000
02000000
00000081
00000018
0001D004
00000000
00000618
00000000
00000003
0001D210
00000F00
00000F00
00000000
0001D214
80000000
00000080
00000010
00000001
00010100
00000001
0001D000
0000002C
00000002
00000624
40D80000
00000000
80000000
00000000
00000000
02000000
00000081
00000018
0001D004
00000000
00000624
00000000
00000003
0001D210
00000F00
00000F00
00000000
0001D214
80000000
00000080
00000010
00000001
00010100
00000001
0001D000
0000002C
00000002
0000062C
40D80000
00000000
80000000
00000000
00000000
02000000
00000081
00000018
0001D004
00000000
0000062C
00000000
00000003
0001D210
00000F00
00000F00
00000000
0001D214
80000000
00000080
00000010
00000001
00010100
00000001
0001D000
0000002C
00000002
00000634
40D80000
00000000
80000000
00000000
00000000
02000000
00000081
00000018
0001D004
00000000
00000634
00000000
00000003
0001D210
00000F00
00000F00
00000000
0001D214
80000000
00000080
00000010
00000001
00010100
00000001
0001D000
0000002C
00000002
0000063C
40D80000
00000000
80000000
00000000
00000000
02000000
00000081
00000018
0001D004
00000000
0000063C
00000000
00000003
0001D210
00000F00
00000F00
00000000
0001D214
80000000
00000080
00000010
00000001
00010100
00000001
0001D000
0000002C
00000005
00000644
40D00000
00000000
80000000
00000000
00000000
02000000
00000081
00000018
0001D004
00000000
00000644
00000000
00000003
0001D210
00000F00
00000F00
00000000
0001D214
80000000
00000080
00000010
00000001
00010100
00000001
0001D000
0000002C
00000005
00000658
40D00000
00000000
80000000
00000000
00000000
02000000
00000081
00000018
0001D004
00000000
00000658
00000000
00000003
0001D210
00000F00
00000F00
00000000
0001D214
80000000
00000080
00000010
00000001
00010100
00000001
0001D000
0000002C
00000005
0000066C
40D00000
00000000
80000000
00000000
00000000
02000000
00000081
00000018
0001D004
00000000
0000066C
00000000
00000003
0001D210
00000F00
00000F00
00000000
0001D214
80000000
00000080
00000010
00000001
00010100
00000001
0001D000
0000002C
00000005
00000680
40D00000
00000000
80000000
00000000
00000000
02000000
00000081
00000018
0001D004
00000000
00000680
00000000
00000003
0001D210
00000F00
00000F00
00000000
0001D214
80000000
00000080
00000010
00000001
00010100
00000001
0001D000
0000002C
00000005
00000694
40D00000
00000000
80000000
00000000
00000000
02000000
00000081
00000018
0001D004
00000000
00000694
00000000
00000003
0001D210
00000F00
00000F00
00000000
0001D214
80000000
00000080
00000010
00000001
00010100
00000001
0001D000
0000002C
00000005
000006A8
40D00000
00000000
80000000
00000000
00000000
02000000
00000081
00000018
0001D004
00000000
000006A8
00000000
00000003
0001D210
00000F00
00000F00
00000000
0001D214
80000000
00000080
00000010
00000001
00010100
00000001
0001D000
0000002C
00000005
000006BC
40D00000
00000000
80000000
00000000
00000000
02000000
00000081
00000018
0001D004
00000000
000006BC
00000000
00000003
0001D210
00000F00
00000F00
00000000
0001D214
80000000
00000080
00000010
00000001
00010100
00000001
0001D000
0000002C
00000005
000006D0
40D00000
00000000
80000000
00000000
00000000
02000000
00000081
00000018
0001D004
00000000
000006D0
00000000
00000003
0001D210
00000F00
00000F00
00000000
0001D214
80000000
00000080
00000010
00000001
00010100
00000001
0001D000
0000002C
00000002
000006E4
40D00000
00000000
80000000
00000000
00000000
02000000
00000081
00000018
0001D004
00000000
000006E4
00000000
00000003
0001D210
00000F00
00000F00
00000000
0001D214
80000000
00000080
00000010
00000001
00010100
00000001
0001D000
0000002C
00000002
000006EC
40D00000
00000000
80000000
00000000
00000000
02000000
00000081
00000018
0001D004
00000000
000006EC
00000000
00000003
0001D210
00000F00
00000F00
00000000
0001D214
80000000
00000080
00000010
00000001
00010100
00000001
0001D000
0000002C
00000002
000006F4
40D00000
00000000
80000000
00000000
00000000
02000000
00000081
00000018
0001D004
00000000
000006F4
00000000
00000003
0001D210
00000F00
00000F00
00000000
0001D214
80000000
00000080
00000010
00000001
00010100
00000001
0001D000
0000002C
00000002
000006FC
40D00000
00000000
80000000
00000000
00000000
02000000
00000081
00000018
0001D004
00000000
000006FC
00000000
00000003
0001D210
00000F00
00000F00
00000000
0001D214
80000000
00000080
00000010
00000001
00010100
00000001
0001D000
0000002C
00000002
00000704
40D00000
00000000
80000000
00000000
00000000
02000000
00000081
00000018
0001D004
00000000
00000704
00000000
00000003
0001D210
00000F00
00000F00
00000000
0001D214
80000000
00000080
00000010
00000001
00010100
00000001
0001D000
0000002C
00000002
0000070C
40D00000
00000000
80000000
00000000
00000000
02000000
00000081
00000018
0001D004
00000000
0000070C
00000000
00000003
0001D210
00000F00
00000F00
00000000
0001D214
80000000
00000080
00000010
00000001
00010100
00000001
0001D000
0000002C
00000002
00000714
40D00000
00000000
80000000
00000000
00000000
02000000
00000081
00000018
0001D004
00000000
00000714
00000000
00000003
0001D210
00000F00
00000F00
00000000
0001D214
80000000
00000080
00000010
00000001
00010100
00000001
0001D000
0000002C
00000002
0000071C
40D00000
00000000
80000000
00000000
00000000
02000000
00000081
00000018
0001D004
00000000
0000071C
00000000
00000003
0001D210
00000F00
00000F00
00000000
0001D214
80000000
00000080
00000010
00000001
00010100
00000001
0001D000
0000002C
00000002
00000724
40780000
00000000
80000000
00000000
00000000
02000000
00000081
00000018
0001D004
00000000
00000724
00000000
00000003
0001D210
00000F00
00000F00
00000000
0001D214
80000000
00000080
00000010
00000001
00010100
00000001
0001D000
0000002C
00000002
0000072C
40780000
00000000
80000000
00000000
00000000
02000000
00000081
00000018
0001D004
00000000
0000072C
00000000
00000003
0001D210
00000F00
00000F00
00000000
0001D214
80000000
00000080
00000010
00000001
00010100
00000001
0001D000
0000002C
00000002
00000734
40780000
00000000
80000000
00000000
00000000
02000000
00000081
00000018
0001D004
00000000
00000734
00000000
00000003
0001D210
00000F00
00000F00
00000000
0001D214
80000000
00000080
00000010
00000001
00010100
00000001
0001D000
0000002C
00000002
0000073C
40780000
00000000
80000000
00000000
00000000
02000000
00000081
00000018
0001D004
00000000
0000073C
00000000
00000003
0001D210
00000F00
00000F00
00000000
0001D214
80000000
00000080
00000010
00000001
00010100
00000001
0001D000
0000002C
00000002
00000744
40780000
00000000
80000000
00000000
00000000
02000000
00000081
00000018
0001D004
00000000
00000744
00000000
00000003
0001D210
00000F00
00000F00
00000000
0001D214
80000000
00000080
00000010
00000001
00010100
00000001
0001D000
0000002C
00000002
0000074C
40780000
00000000
80000000
00000000
00000000
02000000
00000081
00000018
0001D004
00000000
0000074C
00000000
00000003
0001D210
00000F00
00000F00
00000000
0001D214
80000000
00000080
00000010
00000001
00010100
00000001
0001D000
0000002C
00000002
00000754
40780000
00000000
80000000
00000000
00000000
02000000
00000081
00000018
0001D004
00000000
00000754
00000000
00000003
0001D210
00000F00
00000F00
00000000
0001D214
80000000
00000080
00000010
00000001
00010100
00000001
0001D000
0000002C
00000002
0000075C
40780000
00000000
80000000
00000000
00000000
02000000
00000081
00000018
0001D004
00000000
0000075C
00000000
00000003
0001D210
00000F00
00000F00
00000000
0001D214
80000000
00000080
00000010
00000001
00010100
00000001
0001D000
0000002C
00000002
00000764
40780000
00000000
80000000
00000000
00000000
02000000
00000081
00000018
0001D004
00000000
00000764
00000000
00000003
0001D210
00000F00
00000F00
00000000
0001D214
80000000
00000080
00000010
00000001
00010100
00000001
0001D000
0000002C
00000002
0000076C
40780000
00000000
80000000
00000000
00000000
02000000
00000081
00000018
0001D004
00000000
0000076C
00000000
00000003
0001D210
00000F00
00000F00
00000000
0001D214
80000000
00000080
00000010
00000001
00010100
00000001
0001D000
0000002C
00000002
00000774
40780000
00000000
80000000
00000000
00000000
02000000
00000081
00000018
0001D004
00000000
00000774
00000000
00000003
0001D210
00000F00
00000F00
00000000
0001D214
80000000
00000080
00000010
00000001
00010100
00000001
0001D000
0000002C
00000002
0000077C
40780000
00000000
80000000
00000000
00000000
02000000
00000081
00000018
0001D004
00000000
0000077C
00000000
00000003
0001D210
00000F00
00000F00
00000000
0001D214
80000000
00000080
00000010
00000001
00010100
00000001
0001D000
0000002C
00000002
00000784
40780000
00000000
80000000
00000000
00000000
02000000
00000081
00000018
0001D004
00000000
00000784
00000000
00000003
0001D210
00000F00
00000F00
00000000
0001D214
80000000
00000080
00000010
00000001
00010100
00000001
0001D000
0000002C
00000002
0000078C
40780000
00000000
80000000
00000000
00000000
02000000
00000081
00000018
0001D004
00000000
0000078C
00000000
00000003
0001D210
00000F00
00000F00
00000000
0001D214
80000000
00000080
00000010
00000001
00010100
00000001
0001D000
0000002C
00000002
00000794
40780000
00000000
80000000
00000000
00000000
02000000
00000081
00000018
0001D004
00000000
00000794
00000000
00000003
0001D210
00000F00
00000F00
00000000
0001D214
80000000
00000080
00000010
00000001
00010100
00000001
0001D000
0000002C
00000002
0000079C
40D00000
00000000
80000000
00000000
00000000
02000000
00000081
00000018
0001D004
00000000
0000079C
00000000
00000003
0001D210
00000F00
00000F00
00000000
0001D214
80000000
00000080
00000010
00000001
00010100
00000001
0001D000
0000002C
00000002
000007A4
40D00000
00000000
80000000
00000000
00000000
02000000
00000081
00000018
0001D004
00000000
000007A4
00000000
00000003
0001D210
00000F00
00000F00
00000000
0001D214
80000000
00000080
00000010
00000001
00010100
00000001
0001D000
0000002C
00000002
000007AC
40D00000
00000000
80000000
00000000
00000000
02000000
00000081
00000018
0001D004
00000000
000007AC
00000000
00000003
0001D210
00000F00
00000F00
00000000
0001D214
80000000
00000080
00000010
00000001
00010100
00000001
0001D000
0000002C
00000002
000007B4
40D00000
00000000
80000000
00000000
00000000
02000000
00000081
00000018
0001D004
00000000
000007B4
00000000
00000003
0001D210
00000F00
00000F00
00000000
0001D214
80000000
00000080
00000010
00000001
00010100
00000001
0001D000
0000002C
00000002
000007BC
40D00000
00000000
80000000
00000000
00000000
02000000
00000081
00000018
0001D004
00000000
000007BC
00000000
00000003
0001D210
00000F00
00000F00
00000000
0001D214
80000000
00000080
00000010
00000001
00010100
00000001
0001D000
0000002C
00000002
000007C4
40D00000
00000000
80000000
00000000
00000000
02000000
00000081
00000018
0001D004
00000000
000007C4
00000000
00000003
0001D210
00000F00
00000F00
00000000
0001D214
80000000
00000080
00000010
00000001
00010100
00000001
0001D000
0000002C
00000002
000007CC
40D00000
00000000
80000000
00000000
00000000
02000000
00000081
00000018
0001D004
00000000
000007CC
00000000
00000003
0001D210
00000F00
00000F00
00000000
0001D214
80000000
00000080
00000010
00000001
00010100
00000001
0001D000
0000002C
00000002
000007D4
40D00000
00000000
80000000
00000000
00000000
02000000
00000081
00000018
0001D004
00000000
000007D4
00000000
00000003
0001D210
00000F00
00000F00
00000000
0001D214
80000000
00000080
00000010
00000001
00010100
00000001
0001D000
0000002C
00000002
000007DC
40D00000
00000000
80000000
00000000
00000000
02000000
00000081
00000018
0001D004
00000000
000007DC
00000000
00000003
0001D210
00000F00
00000F00
00000000
0001D214
80000000
00000080
00000010
00000001
00010100
00000001
0001D000
0000002C
00000002
000007E4
40D00000
00000000
80000000
00000000
00000000
02000000
00000081
00000018
0001D004
00000000
000007E4
00000000
00000003
0001D210
00000F00
00000F00
00000000
0001D214
80000000
00000080
00000010
00000001
00010100
00000001
0001D000
0000002C
00000002
000007EC
40D00000
00000000
80000000
00000000
00000000
02000000
00000081
00000018
0001D004
00000000
000007EC
00000000
00000003
0001D210
00000F00
00000F00
00000000
0001D214
80000000
00000080
00000010
00000001
00010100
00000001
0001D000
0000002C
00000002
000007F4
40D00000
00000000
80000000
00000000
00000000
02000000
00000081
00000018
0001D004
00000000
000007F4
00000000
00000003
0001D210
00000F00
00000F00
00000000
0001D214
80000000
00000080
00000010
00000001
00010100
00000001
0001D000
0000002C
00000002
000007FC
40D00000
00000000
80000000
00000000
00000000
02000000
00000081
00000018
0001D004
00000000
000007FC
00000000
00000003
0001D210
00000F00
00000F00
00000000
0001D214
80000000
00000080
00000010
00000001
00010100
00000001
0001D000
0000002C
00000002
00000804
40D00000
00000000
80000000
00000000
00000000
02000000
00000081
00000018
0001D004
00000000
00000804
00000000
00000003
0001D210
00000F00
00000F00
00000000
0001D214
80000000
00000080
00000010
00000001
00010100
00000001
0001D000
0000002C
00000002
0000080C
40D00000
00000000
80000000
00000000
00000000
02000000
00000081
00000018
0001D004
00000000
0000080C
00000000
00000003
0001D210
00000F00
00000F00
00000000
0001D214
80000000
00000080
00000010
00000001
00010100
00000001
0001D000
0000002C
00000002
00000814
40D00000
00000000
80000000
00000000
00000000
02000000
00000081
00000018
0001D004
00000000
00000814
00000000
00000003
0001D210
00000F00
00000F00
00000000
0001D214
80000000
00000080
00000010
00000001
00010100
00000001
0001D000
0000002C
00000002
0000081C
40D00000
00000000
80000000
00000000
00000000
02000000
00000081
00000018
0001D004
00000000
0000081C
00000000
00000003
0001D210
00000F00
00000F00
00000000
0001D214
80000000
00000080
00000010
00000001
00010100
00000001
0001D000
0000002C
00000002
00000824
40D00000
00000000
80000000
00000000
00000000
02000000
00000081
00000018
0001D004
00000000
00000824
00000000
00000003
0001D210
00000F00
00000F00
00000000
0001D214
80000000
00000080
00000010
00000001
00010100
00000001
0001D000
0000002C
00000002
0000082C
40D80000
00000000
80000000
00000000
00000000
02000000
00000081
00000018
0001D004
00000000
0000082C
00000000
00000003
0001D210
00000F00
00000F00
00000000
0001D214
80000000
00000080
00000010
00000001
00010100
00000001
0001D000
0000002C
00000002
00000834
40D80000
00000000
80000000
00000000
00000000
02000000
00000081
00000018
0001D004
00000000
00000834
00000000
00000003
0001D210
00000F00
00000F00
00000000
0001D214
80000000
00000080
00000010
00000001
00010100
00000001
0001D000
0000002C
00000002
0000083C
40D80000
00000000
80000000
00000000
00000000
02000000
00000081
00000018
0001D004
00000000
0000083C
00000000
00000003
0001D210
00000F00
00000F00
00000000
0001D214
80000000
00000080
00000010
00000001
00010100
00000001
0001D000
0000002C
00000002
00000844
40D80000
00000000
80000000
00000000
00000000
02000000
00000081
00000018
0001D004
00000000
00000844
00000000
00000003
0001D210
00000F00
00000F00
00000000
0001D214
80000000
00000080
00000010
00000001
00010100
00000001
0001D000
0000002C
00000002
0000084C
40D80000
00000000
80000000
00000000
00000000
02000000
00000081
00000018
0001D004
00000000
0000084C
00000000
00000003
0001D210
00000F00
00000F00
00000000
0001D214
80000000
00000080
00000010
00000001
00010100
00000001
0001D000
0000002C
00000002
00000854
40D80000
00000000
80000000
00000000
00000000
02000000
00000081
00000018
0001D004
00000000
00000854
00000000
00000003
0001D210
00000F00
00000F00
00000000
0001D214
80000000
00000080
00000010
00000001
00010100
00000001
0001D000
0000002C
00000002
0000085C
40D80000
00000000
80000000
00000000
00000000
02000000
00000081
00000018
0001D004
00000000
0000085C
00000000
00000003
0001D210
00000F00
00000F00
00000000
0001D214
80000000
00000080
00000010
00000001
00010100
00000001
0001D000
0000002C
00000002
00000864
40D80000
00000000
80000000
00000000
00000000
02000000
00000081
00000018
0001D004
00000000
00000864
00000000
00000003
0001D210
00000F00
00000F00
00000000
0001D214
80000000
00000080
00000010
00000001
00010100
00000001
0001D000
0000002C
00000002
0000086C
40D80000
00000000
80000000
00000000
00000000
02000000
00000081
00000018
0001D004
00000000
0000086C
00000000
00000003
0001D210
00000F00
00000F00
00000000
0001D214
80000000
00000080
00000010
00000001
00010100
00000001
0001D000
0000002C
00000002
00000874
40780000
00000000
80000000
00000000
00000000
02000000
00000081
00000018
0001D004
00000000
00000874
00000000
00000003
0001D210
00000F00
00000F00
00000000
0001D214
80000000
00000080
00000010
00000001
00010100
00000001
0001D000
0000002C
00000002
0000087C
40780000
00000000
80000000
00000000
00000000
02000000
00000081
00000018
0001D004
00000000
0000087C
00000000
00000003
0001D210
00000F00
00000F00
00000000
0001D214
80000000
00000080
00000010
00000001
00010100
00000001
0001D000
0000002C
00000002
00000884
40D80000
00000000
80000000
00000000
00000000
02000000
00000081
00000018
0001D004
00000000
00000884
00000000
00000003
0001D210
00000F00
00000F00
00000000
0001D214
80000000
00000080
00000010
00000001
00010100
