06030001
00000102
000000AA
000010F0
00000001
0001D000
0000002C
00006000
00000000
00000000
03000000
840002FF
0000005F
0010BFFF
02000000
00000081
00000018
0001D004
00000002
00000000
00000000
00000003
0001D200
00000F00
00000F00
00000000
0001D204
80010000
00000001
0001D020
0000002C
00003800
00000000
00000000
01000000
820001BF
0000000F
00000000
02000000
00000081
00000018
0001D024
00000000
00000000
00000000
00000000
0001D214
00070001
00000001
0001D040
0000002C
00005400
00000000
00000000
01800000
8200017F
00002FFF
0070002F
02000000
00000081
00000018
0001D044
00000001
00000000
00000000
00000000
0001D21C
00070002
00000001
0001D060
0000002C
00003800
0001C000
00000000
01000000
820001BF
0000000F
00000000
02000000
00000081
00000018
0001D064
00000000
0001C000
00000000
00000000
0001D214
00070003
00000001
0001D080
0000002C
00005400
00000000
00000000
01800000
8200017F
00002FFF
0070002F
02000000
00000081
00000018
0001D084
00000001
00000000
00000000
00000000
0001D21C
00070004
00000001
0201D000
0000002C
00006000
000000C0
00000000
03000000
840002FF
0000005F
0010BFFF
02000000
00000081
00000018
0201D004
00000002
000000C0
00000000
00000003
0201D200
00000F00
00000F00
00000000
0201D204
80010000
00000001
0201D020
0000002C
00003800
0000E000
00000000
01000000
820001BF
0000000F
00000000
02000000
00000081
00000018
0201D024
00000000
0000E000
00000000
00000000
0201D214
00070001
00000001
0201D040
0000002C
00005400
00000060
00000000
01800000
8200017F
00002FFF
0070002F
02000000
00000081
00000018
0201D044
00000001
00000060
00000000
00000000
0201D21C
00070002
00000001
0201D060
0000002C
00003800
0002A000
00000000
01000000
820001BF
0000000F
00000000
02000000
00000081
00000018
0201D064
00000000
0002A000
00000000
00000000
0201D214
00070003
00000001
0201D080
0000002C
00005400
00000060
00000000
01800000
8200017F
00002FFF
0070002F
02000000
00000081
00000018
0201D084
00000001
00000060
00000000
00000000
0201D21C
00070004
00000001
0001D100
0000002C
00006000
00060000
00000000
03000000
840002FF
0000005F
0010BFFF
02000000
00000081
00000018
0001D104
00000002
00060000
00000000
00000003
0001D200
00000F00
00000F00
00000000
0001D204
80010008
00000001
0001D120
0000002C
00003800
00038000
00000000
01000000
820001BF
0000000F
00000000
02000000
00000081
00000018
0001D124
00000000
00038000
00000000
00000000
0001D214
00070009
00000001
0001D140
0000002C
00005400
00000000
00000000
01800000
8200017F
00002FFF
0070002F
02000000
00000081
00000018
0001D144
00000001
00000000
00000000
00000000
0001D21C
0007000A
00000001
0001D160
0000002C
00003800
00054000
00000000
01000000
820001BF
0000000F
00000000
02000000
00000081
00000018
0001D164
00000000
00054000
00000000
00000000
0001D214
0007000B
00000001
0001D180
0000002C
00005400
00000000
00000000
01800000
8200017F
00002FFF
0070002F
02000000
00000081
00000018
0001D184
00000001
00000000
00000000
00000000
0001D21C
0007000C
00000001
0201D100
0000002C
00006000
000600C0
00000000
03000000
840002FF
0000005F
0010BFFF
02000000
00000081
00000018
0201D104
00000002
000600C0
00000000
00000003
0201D200
00000F00
00000F00
00000000
0201D204
80010008
00000001
0201D120
0000002C
00003800
00046000
00000000
01000000
820001BF
0000000F
00000000
02000000
00000081
00000018
0201D124
00000000
00046000
00000000
00000000
0201D214
00070009
00000001
0201D140
0000002C
00005400
00000060
00000000
01800000
8200017F
00002FFF
0070002F
02000000
00000081
00000018
0201D144
00000001
00000060
00000000
00000000
0201D21C
0007000A
00000001
0201D160
0000002C
00003800
00062000
00000000
01000000
820001BF
0000000F
00000000
02000000
00000081
00000018
0201D164
00000000
00062000
00000000
00000000
0201D214
0007000B
00000001
0201D180
0000002C
00005400
00000060
00000000
01800000
8200017F
00002FFF
0070002F
02000000
00000081
00000018
0201D184
00000001
00000060
00000000
00000000
0201D21C
0007000C
00000080
00000010
00000000
00010100
00000080
00000010
00010000
00010100
00000001
0001D000
0000002C
00006000
000C0000
00000000
03000000
840002FF
0000005F
0010BFFF
02000000
00000081
00000018
0001D004
00000002
000C0000
00000000
00000003
0001D200
00000F00
00000F00
00000000
0001D204
80010000
00000001
0001D020
0000002C
00003800
00070000
00000000
01000000
820001BF
0000000F
00000000
02000000
00000081
00000018
0001D024
00000000
00070000
00000000
00000000
0001D214
00070001
00000001
0001D040
0000002C
00005400
00000000
00000000
01800000
8200017F
00002FFF
0070002F
02000000
00000081
00000018
0001D044
00000001
00000000
00000000
00000000
0001D21C
00070002
00000001
0001D060
0000002C
00003800
0008C000
00000000
01000000
820001BF
0000000F
00000000
02000000
00000081
00000018
0001D064
00000000
0008C000
00000000
00000000
0001D214
00070003
00000001
0001D080
0000002C
00005400
00000000
00000000
01800000
8200017F
00002FFF
0070002F
02000000
00000081
00000018
0001D084
00000001
00000000
00000000
00000000
0001D21C
00070004
00000001
0201D000
0000002C
00006000
000C00C0
00000000
03000000
840002FF
0000005F
0010BFFF
02000000
00000081
00000018
0201D004
00000002
000C00C0
00000000
00000003
0201D200
00000F00
00000F00
00000000
0201D204
80010000
00000001
0201D020
0000002C
00003800
0007E000
00000000
01000000
820001BF
0000000F
00000000
02000000
00000081
00000018
0201D024
00000000
0007E000
00000000
00000000
0201D214
00070001
00000001
0201D040
0000002C
00005400
00000060
00000000
01800000
8200017F
00002FFF
0070002F
02000000
00000081
00000018
0201D044
00000001
00000060
00000000
00000000
0201D21C
00070002
00000001
0201D060
0000002C
00003800
0009A000
00000000
01000000
820001BF
0000000F
00000000
02000000
00000081
00000018
0201D064
00000000
0009A000
00000000
00000000
0201D214
00070003
00000001
0201D080
0000002C
00005400
00000060
00000000
01800000
8200017F
00002FFF
0070002F
02000000
00000081
00000018
0201D084
00000001
00000060
00000000
00000000
0201D21C
00070004
00000080
00000010
00000000
00010100
00000080
00000010
00010000
00010100
00000001
0001D100
0000002C
00006000
00120000
00000000
03000000
840002FF
0000005F
0010BFFF
02000000
00000081
00000018
0001D104
00000002
00120000
00000000
00000003
0001D200
00000F00
00000F00
00000000
0001D204
80010008
00000001
0001D120
0000002C
00003800
000A8000
00000000
01000000
820001BF
0000000F
00000000
02000000
00000081
00000018
0001D124
00000000
000A8000
00000000
00000000
0001D214
00070009
00000001
0001D140
0000002C
00005400
00000000
00000000
01800000
8200017F
00002FFF
0070002F
02000000
00000081
00000018
0001D144
00000001
00000000
00000000
00000000
0001D21C
0007000A
00000001
0001D160
0000002C
00003800
000C4000
00000000
01000000
820001BF
0000000F
00000000
02000000
00000081
00000018
0001D164
00000000
000C4000
00000000
00000000
0001D214
0007000B
00000001
0001D180
0000002C
00005400
00000000
00000000
01800000
8200017F
00002FFF
0070002F
02000000
00000081
00000018
0001D184
00000001
00000000
00000000
00000000
0001D21C
0007000C
00000001
0201D100
0000002C
00006000
001200C0
00000000
03000000
840002FF
0000005F
0010BFFF
02000000
00000081
00000018
0201D104
00000002
001200C0
00000000
00000003
0201D200
00000F00
00000F00
00000000
0201D204
80010008
00000001
0201D120
0000002C
00003800
000B6000
00000000
01000000
820001BF
0000000F
00000000
02000000
00000081
00000018
0201D124
00000000
000B6000
00000000
00000000
0201D214
00070009
00000001
0201D140
0000002C
00005400
00000060
00000000
01800000
8200017F
00002FFF
0070002F
02000000
00000081
00000018
0201D144
00000001
00000060
00000000
00000000
0201D21C
0007000A
00000001
0201D160
0000002C
00003800
000D2000
00000000
01000000
820001BF
0000000F
00000000
02000000
00000081
00000018
0201D164
00000000
000D2000
00000000
00000000
0201D214
0007000B
00000001
0201D180
0000002C
00005400
00000060
00000000
01800000
8200017F
00002FFF
0070002F
02000000
00000081
00000018
0201D184
00000001
00000060
00000000
00000000
0201D21C
0007000C
00000080
00000010
00000000
00010100
00000080
00000010
00010000
00010100
00000001
0001D000
0000002C
00006000
00180000
00000000
03000000
840002FF
0000005F
0010BFFF
02000000
00000081
00000018
0001D004
00000002
00180000
00000000
00000003
0001D200
00000F00
00000F00
00000000
0001D204
80010000
00000001
0001D020
0000002C
00003800
000E0000
00000000
01000000
820001BF
0000000F
00000000
02000000
00000081
00000018
0001D024
00000000
000E0000
00000000
00000000
0001D214
00070001
00000001
0001D040
0000002C
00005400
00000000
00000000
01800000
8200017F
00002FFF
0070002F
02000000
00000081
00000018
0001D044
00000001
00000000
00000000
00000000
0001D21C
00070002
00000001
0001D060
0000002C
00003800
000FC000
00000000
01000000
820001BF
0000000F
00000000
02000000
00000081
00000018
0001D064
00000000
000FC000
00000000
00000000
0001D214
00070003
00000001
0001D080
0000002C
00005400
00000000
00000000
01800000
8200017F
00002FFF
0070002F
02000000
00000081
00000018
0001D084
00000001
00000000
00000000
00000000
0001D21C
00070004
00000001
0201D000
0000002C
00006000
001800C0
00000000
03000000
840002FF
0000005F
0010BFFF
02000000
00000081
00000018
0201D004
00000002
001800C0
00000000
00000003
0201D200
00000F00
00000F00
00000000
0201D204
80010000
00000001
0201D020
0000002C
00003800
000EE000
00000000
01000000
820001BF
0000000F
00000000
02000000
00000081
00000018
0201D024
00000000
000EE000
00000000
00000000
0201D214
00070001
00000001
0201D040
0000002C
00005400
00000060
00000000
01800000
8200017F
00002FFF
0070002F
02000000
00000081
00000018
0201D044
00000001
00000060
00000000
00000000
0201D21C
00070002
00000001
0201D060
0000002C
00003800
0010A000
00000000
01000000
820001BF
0000000F
00000000
02000000
00000081
00000018
0201D064
00000000
0010A000
00000000
00000000
0201D214
00070003
00000001
0201D080
0000002C
00005400
00000060
00000000
01800000
8200017F
00002FFF
0070002F
02000000
00000081
00000018
0201D084
00000001
00000060
00000000
00000000
0201D21C
00070004
00000080
00000010
00000000
00010100
00000080
00000010
00010000
00010100
00000080
00000010
00000000
00010100
00000080
00000010
00010000
00010100
