2148
331
335
253
227
154
148
148
150
150
139
128
121
127
123
123
123
123
125
131
130
131
130
131
157
136
159
163
169
164
164
162
143
133
120
120
121
120
120
117
128
127
127
126
126
112
126
113
126
126
133
126
125
130
126
124
127
127
125
108
126
128
127
112
115
109
114
114
113
115
115
115
106
121
121
121
120
119
120
119
111
122
122
121
121
122
122
122
108
188
209
152
122
121
122
113
106
109
110
109
110
114
110
111
111
122
122
122
121
119
120
120
108
121
122
120
120
120
120
120
120
118
198
179
116
121
120
108
147
199
179
106
106
106
106
105
121
122
120
119
119
120
119
119
120
120
119
119
119
119
119
111
125
121
120
118
125
121
121
119
112
120
120
119
119
119
119
119
107
120
121
121
121
120
119
119
123
110
119
120
120
119
119
119
119
105
105
105
106
108
114
105
105
105
105
121
121
121
120
118
121
120
120
124
196
191
120
120
120
108
104
105
105
105
105
105
105
104
106
107
121
122
118
102
119
120
119
117
110
120
120
120
119
120
121
119
155
199
191
119
119
119
107
121
121
121
120
119
121
120
121
113
120
119
124
102
121
120
120
106
105
106
106
108
104
104
106
105
104
120
120
120
120
118
119
119
119
112
119
119
120
119
119
120
119
107
121
121
119
114
121
120
119
123
110
121
120
119
119
118
119
103
194
203
183
114
110
110
122
120
119
119
119
119
119
119
118
111
109
113
110
103
120
119
119
119
119
121
119
119
119
120
119
119
105
121
120
121
121
119
119
119
112
117
198
190
120
120
120
108
105
105
106
104
98
110
114
108
122
120
121
121
119
121
120
121
119
112
120
120
119
119
119
120
119
108
105
105
104
104
105
105
104
105
105
121
121
120
124
119
121
103
121
117
121
120
119
120
120
119
119
108
122
121
121
120
119
124
119
120
135
198
191
120
120
121
108
105
106
104
104
99
110
110
109
119
121
121
121
119
119
121
120
120
113
110
110
119
119
119
119
119
119
119
119
119
119
119
119
119
111
121
121
120
124
123
121
122
124
111
110
110
110
106
105
110
110
110
120
119
119
119
119
119
119
119
107
121
121
120
120
121
122
121
120
129
199
173
121
119
104
108
165
200
180
107
106
106
105
124
121
121
120
119
119
119
119
113
119
123
120
120
119
119
119
106
121
121
119
125
120
121
121
119
121
120
120
120
120
118
119
119
105
106
105
106
105
105
104
104
105
105
136
198
192
121
121
121
108
129
199
196
106
105
104
105
105
105
104
103
110
106
105
105
105
105
110
197
191
121
121
121
119
119
119
122
119
119
120
120
121
122
119
119
128
120
128
121
100
97
98
97
113
114
114
116
114
109
120
124
127
121
123
121
123
121
117
114
114
113
114
114
111
115
99
105
122
122
119
107
120
121
122
112
123
122
122
122
123
126
122
117
122
123
122
121
120
121
103
118
114
114
117
115
114
115
114
115
114
125
199
172
114
114
114
118
120
122
122
121
120
120
126
121
176
198
187
122
122
122
121
121
121
120
120
120
120
123
117
143
199
183
122
121
121
117
114
113
114
113
111
110
114
111
116
199
198
130
122
121
121
110
110
110
111
110
111
110
110
109
110
122
121
125
121
121
120
120
112
123
122
123
122
121
122
121
113
122
122
122
121
120
121
121
113
157
199
193
122
122
122
113
110
114
110
109
111
110
110
109
110
123
122
122
121
120
122
122
116
122
122
122
121
120
125
120
112
156
199
193
122
122
121
112
109
110
109
112
114
112
115
114
115
199
198
127
122
123
121
109
114
110
111
110
110
110
110
110
121
121
122
121
120
122
122
122
112
123
122
119
102
121
121
121
117
118
114
114
114
109
110
115
111
111
122
121
122
121
120
120
120
112
123
122
121
121
122
122
122
112
162
199
181
122
120
103
118
115
114
113
113
109
110
110
110
110
123
122
122
121
120
120
121
112
155
199
197
122
122
121
111
110
109
110
148
156
161
161
169
171
169
168
172
152
144
127
116
117
114
115
113
115
124
123
123
122
123
124
123
112
122
121
121
110
122
121
120
112
164
200
193
123
123
122
113
110
111
115
110
109
110
110
110
110
122
122
122
121
120
122
121
117
122
122
121
123
121
121
121
112
122
122
122
121
120
122
121
120
177
197
193
122
122
122
112
110
110
110
110
109
110
110
110
110
123
121
120
108
126
120
121
116
123
123
122
121
121
123
121
117
122
122
122
121
120
121
121
120
114
114
123
122
123
122
121
123
114
115
115
113
